83,281,313,71
1902,-11,-113,-85,227,-128,2,472,42,27,27,285,286,284,280,301,73
1904,-10,-102,-74,164,-119,2,358,25,32,32,285,286,284,285,298,74
1906,-13,-126,-98,-157,114,2,441,-24,-14,-14,285,286,284,273,315,71
1908,-18,-171,-143,-70,51,2,485,-11,23,23,285,286,284,273,303,66
1910,-23,-215,-187,8,-6,0,472,1,78,78,286,292,280,277,314,61
1912,-30,-278,-250,-19,14,1,479,-2,115,115,285,297,273,270,312,54
1914,-40,-369,-341,-216,156,2,704,-32,178,178,285,307,263,252,310,44
1916,-46,-445,-417,-221,160,2,947,-34,200,200,285,322,248,236,329,38
1918,-51,-500,-472,-255,184,2,1214,-39,200,200,285,322,248,231,323,33
1920,-54,-534,-506,-256,186,2,1368,-40,200,200,285,322,248,226,317,30
1922,-56,-556,-528,-252,182,2,1497,-39,200,200,285,322,248,227,317,28
1924,-56,-559,-531,-245,178,2,1580,-38,200,200,285,322,248,220,306,28
1926,-56,-560,-532,-58,42,2,1623,-9,200,200,285,322,248,202,317,28
1928,-55,-552,-524,-180,131,2,1655,-28,200,200,285,322,248,218,309,29
1930,-53,-533,-505,-505,-119,2,1686,-42,190,190,285,322,248,221,307,31
1932,-50,-505,-477,-628,-45,2,1686,-42,166,166,285,322,248,218,313,34
1934,-47,-476,-448,-536,34,2,1676,-42,147,147,285,322,248,220,304,37
1936,-45,-454,-426,-672,-50,2,1687,-42,121,121,285,322,248,222,318,39
1938,-41,-417,-389,-591,30,2,1678,-42,99,99,285,322,248,223,310,43
1940,-38,-386,-358,-650,-22,2,1678,-42,70,70,285,322,248,214,304,46
1942,-34,-347,-319,-338,114,2,1665,-42,41,41,285,312,258,221,317,50
1944,-31,-316,-288,-253,31,2,1560,-42,18,18,285,304,266,221,305,53
1946,-27,-277,-249,-251,1,2,1321,-42,13,13,285,298,272,242,315,57
1948,-25,-254,-226,-303,-19,2,1061,-42,14,14,285,294,276,246,301,59
1950,-26,-259,-231,-434,-48,2,870,-42,32,32,285,292,278,258,290,58
1952,-27,-268,-240,-405,11,2,770,-42,59,59,285,290,280,255,306,57
1954,-31,-303,-275,-475,-26,2,748,-42,97,97,285,295,275,259,298,53
1956,-36,-351,-323,-571,-35,2,821,-42,144,144,285,304,266,246,316,48
1958,-41,-401,-373,-590,-7,2,1016,-42,178,178,285,315,255,253,309,43
1960,-45,-442,-414,-716,-46,2,1203,-42,196,196,285,322,248,246,305,39
1962,-46,-457,-429,-725,-3,2,1343,-42,180,180,285,322,248,246,317,38
1964,-46,-460,-432,-748,-8,2,1509,-42,147,147,285,322,248,256,313,38
1966,-46,-460,-432,-756,-3,2,1599,-42,128,128,285,322,248,243,321,38
1968,-44,-443,-415,-772,-6,2,1637,-42,106,106,285,322,248,246,315,40
1970,-42,-424,-396,-791,-7,2,1638,-42,87,87,285,321,249,228,305,42
1972,-37,-379,-351,46,307,2,1653,42,142,142,285,322,248,276,321,47
1974,-33,-338,-310,407,133,2,1670,42,123,123,285,322,248,239,319,51
1976,-29,-298,-270,588,67,2,1648,42,92,92,285,319,251,240,306,55
1979,-27,-272,-244,-5,-315,2,1640,-42,-15,-15,285,308,262,269,322,57
1981,-23,-241,-213,-109,79,2,1560,-17,-49,-49,285,301,269,241,313,61
1983,-20,-207,-179,-100,72,2,1108,-15,-34,-34,285,296,274,258,285,64
1985,-19,-193,-165,-275,199,2,523,-42,2,2,285,293,277,276,278,65
1987,-18,-182,-154,-275,199,2,134,-42,52,52,285,291,279,284,263,66
1989,-19,-189,-161,-524,-91,2,33,-42,84,84,285,295,275,274,288,65
1991,-22,-215,-187,-621,-36,2,262,-42,87,87,285,299,271,266,289,62
1993,-21,-211,-183,-3,227,2,508,42,125,125,285,305,265,248,303,63
1995,-5,-91,-63,278,103,2,875,42,28,28,285,302,268,265,307,79
1997,-3,-40,-12,14,-97,2,1123,-22,-132,-97,285,293,277,234,298,81
1999,-1,-22,0,-12,-20,1,977,-7,-138,-138,285,281,289,262,302,83
2001,2,9,0,-475,-170,2,613,-42,-146,-146,285,270,300,255,274,86
2003,2,18,0,-724,-91,2,71,-42,-82,-82,285,267,303,283,262,86
2005,-3,-22,0,-827,-38,2,-344,-42,-13,-13,285,272,298,275,230,81
2007,-7,-62,-34,-842,-5,2,-725,-42,64,64,285,276,294,305,242,77
2010,0,-4,0,-426,316,2,-370,-32,35,35,285,282,288,274,274,84
2012,-1,-9,0,-333,241,2,80,-26,-22,-22,285,283,287,238,294,83
2014,-7,-60,-32,-302,219,2,485,-42,-87,-87,285,280,290,272,301,77
2016,-21,-186,-158,-326,236,2,419,-42,13,13,285,281,289,265,276,63
2018,-49,-441,-413,-607,-103,2,150,-42,200,200,285,299,271,284,276,35
2020,-56,-541,-513,-383,82,2,37,-42,200,200,285,317,253,263,273,28
2022,-62,-607,-579,-302,30,2,278,-42,200,200,285,322,248,287,297,22
2024,-67,-660,-632,-234,25,2,579,-42,200,200,285,322,248,243,299,17
2026,-67,-668,-640,-218,6,2,934,-42,200,200,285,322,248,361,302,17
2028,-61,-619,-591,-266,-18,2,1247,-42,200,200,285,322,248,325,296,23
2030,-50,-519,-491,-196,26,2,1428,-42,200,200,285,322,248,344,283,34
2032,-34,-369,-341,7,74,2,1520,23,200,200,285,322,248,238,301,50
2034,-21,-251,-223,75,25,2,1562,34,130,130,285,322,248,284,286,63
2036,-10,-124,-96,72,-1,2,1547,25,-12,-12,285,322,248,228,304,74
2038,1,-11,0,-192,-259,2,1526,-42,-167,-83,285,313,257,270,295,85
2040,12,99,71,168,132,2,1057,42,-132,-132,285,295,275,252,281,96
2042,21,192,164,295,47,2,551,42,-155,-155,285,277,293,253,256,105
2044,23,224,196,385,33,2,-22,42,-141,-141,285,267,303,279,240,107
2046,20,204,176,375,-4,2,-421,42,-70,-70,285,265,305,269,229,104
2048,10,117,89,325,-18,2,-787,42,46,46,285,271,299,295,232,94
2050,-3,-7,0,295,-11,2,-962,42,159,132,285,284,286,286,230,81
2052,-15,-127,-99,312,6,2,-647,42,189,189,285,302,268,285,268,69
2054,-22,-205,-177,211,-37,2,-215,42,200,200,285,319,251,261,268,62
2056,-28,-268,-240,210,0,2,209,42,200,200,285,322,248,303,287,56
2058,-31,-303,-275,237,10,2,586,42,200,200,285,322,248,244,285,53
2060,-32,-317,-289,259,8,2,921,42,200,200,285,322,248,332,294,52
2062,-32,-320,-292,326,25,2,1171,42,160,160,285,322,248,274,289,52
2064,-29,-295,-267,422,35,2,1384,42,103,103,285,322,248,297,281,55
2066,-23,-240,-212,480,22,2,1499,42,50,50,285,322,248,288,294,61
2068,-17,-181,-153,447,-12,2,1530,42,-2,-2,285,312,258,273,287,67
2071,-14,-143,-115,422,-306,2,1162,42,-33,-33,285,301,269,234,281,70
2073,-8,-90,-62,227,-165,2,715,35,-18,-18,285,296,274,273,274,76
2075,-4,-48,-20,-65,47,2,396,-10,-59,-59,285,293,277,266,269,80
2077,-2,-24,0,-53,39,2,126,-4,-37,-37,285,291,279,288,276,82
2079,1,4,0,-67,48,2,-80,-5,-10,-10,285,289,281,281,268,85
2081,2,18,0,216,104,2,-245,42,66,66,285,291,279,308,287,86
2083,5,45,17,232,6,2,-195,42,72,72,285,295,275,292,287,89
2085,6,58,30,317,31,2,108,42,28,28,285,292,278,286,313,90
2087,11,102,74,34,-104,2,468,-17,-102,-102,285,285,285,266,313,95
2089,15,142,114,423,143,2,641,42,-130,-130,285,275,295,287,305,99
2091,23,216,188,580,58,2,341,42,-161,-161,285,264,306,292,292,107
2093,36,337,309,301,-102,2,-46,42,-200,-200,285,249,321,286,260,120
2095,48,457,429,466,61,2,-412,42,-200,-200,285,248,322,296,264,132
2097,53,518,490,495,11,2,-707,42,-200,-200,285,248,322,295,232,137
2099,59,579,551,664,62,2,-945,42,-200,-200,285,248,322,308,242,143
2101,63,622,594,542,-45,2,-1071,42,-200,-200,285,248,322,304,228,147
2104,66,658,630,221,-160,2,-1181,34,-200,-200,285,248,322,294,236,150
2106,66,660,632,55,-40,2,-1272,8,-200,-200,285,248,322,309,224,150
2108,69,685,657,189,-137,2,-1287,29,-200,-200,285,248,322,301,240,153
2110,72,714,686,95,-69,2,-1326,15,-200,-200,285,248,322,289,228,156
2112,78,770,742,450,130,2,-1330,42,-200,-200,285,248,322,299,229,162
2114,80,795,767,556,39,2,-1357,42,-200,-200,285,248,322,295,229,164
2116,80,799,771,579,8,2,-1401,42,-200,-200,285,248,322,309,237,164
2118,80,800,772,400,-65,2,-1442,42,-200,-200,285,248,322,299,242,164
2120,80,800,772,307,-34,2,-1522,42,-200,-200,285,248,322,300,267,164
2122,78,783,755,236,-26,2,-1531,42,-200,-200,285,248,322,305,226,162
2124,74,747,719,146,-33,2,-1532,42,-200,-200,285,248,322,297,220,158
2126,69,699,671,69,-28,2,-1553,17,-200,-200,285,248,322,305,251,153
2128,63,641,613,295,83,2,-1584,42,-200,-200,285,248,322,311,216,147
2130,54,556,528,444,55,2,-1562,42,-200,-200,285,248,322,304,277,138
2132,43,450,422,574,48,2,-1556,42,-200,-200,285,248,322,314,234,127
2134,34,358,330,339,-86,2,-1542,42,-134,-134,285,248,322,297,248,118
2136,21,234,206,-78,-153,2,-1494,-42,-103,-103,285,248,322,318,233,105
2139,7,80,52,-477,-357,2,-1446,-42,52,52,285,252,318,319,275,91
2141,-11,-80,-52,-397,287,2,-1083,-42,100,100,285,270,300,289,273,73
2143,-16,-147,-119,-226,164,2,-576,-35,122,122,285,284,286,289,297,68
2145,-30,-276,-248,-23,75,2,4,12,200,200,285,302,268,271,306,54
2147,-43,-390,-362,-432,-150,2,460,-42,200,200,285,320,250,262,306,41
2149,-49,-474,-446,-650,-80,2,802,-42,200,200,285,322,248,262,323,35
2151,-53,-521,-493,-696,-17,2,1057,-42,200,200,285,322,248,293,313,31
2153,-55,-545,-517,-692,2,2,1243,-42,200,200,285,322,248,255,323,29
2155,-56,-558,-530,-677,5,2,1375,-42,200,200,285,322,248,258,320,28
2157,-56,-560,-532,-55,228,2,1483,42,200,200,285,322,248,289,310,28
2159,-54,-543,-515,658,262,2,1573,42,200,200,285,322,248,273,330,30
2161,-52,-524,-496,978,117,2,1614,42,200,200,285,322,248,261,317,32
2163,-49,-495,-467,1112,49,2,1660,42,200,200,285,322,248,262,311,35
2165,-44,-449,-421,580,-195,2,1715,42,200,200,285,322,248,323,325,40
2167,-40,-408,-380,447,-49,2,1757,42,188,188,285,322,248,274,313,44
2169,-33,-342,-314,277,-63,2,1764,42,147,147,285,322,248,268,323,51
2171,-23,-248,-220,577,110,2,1720,42,79,79,285,322,248,283,310,61
2173,-15,-166,-138,247,-121,2,1714,42,-8,-8,285,322,248,264,304,69
2176,-4,-48,-20,175,-127,2,1389,27,-132,-132,285,298,272,249,294,80
2178,13,102,74,113,-82,2,834,17,-123,-123,285,284,286,264,284,97
2180,27,243,215,-94,68,2,229,-14,-200,-200,285,266,304,288,255,111
2182,30,291,263,-117,85,2,-266,-18,-200,-200,285,248,322,286,250,114
2184,30,298,270,5,-3,0,-643,0,-164,-164,285,248,322,299,245,114
2186,31,307,279,343,454,2,-871,42,-120,-120,285,248,322,298,237,115
2188,30,301,273,76,-98,2,-1044,0,-101,-101,285,248,322,300,232,114
2190,30,300,272,344,99,2,-1096,42,-56,-56,285,256,314,301,235,114
2192,30,300,272,859,189,2,-1148,42,-42,-42,285,265,305,289,232,114
2194,30,300,272,720,-51,2,-1049,42,-49,-49,285,271,299,308,252,114
2196,27,275,247,103,-227,2,-893,-26,-105,-105,285,268,302,294,261,111
2198,27,271,243,161,21,2,-824,42,-68,-68,285,267,303,312,298,111
2200,28,279,251,107,-20,2,-813,33,-77,-77,285,267,303,313,259,112
2202,30,297,269,275,62,2,-777,42,-89,-89,285,265,305,306,283,114
2204,37,358,330,99,-65,2,-783,17,-173,-173,285,257,313,324,270,121
2207,47,463,435,325,-206,2,-884,42,-200,-200,285,248,322,322,269,131
2209,51,502,474,121,-88,2,-994,19,-200,-200,285,248,322,318,260,135
2211,56,551,523,265,-192,2,-1096,41,-200,-200,285,248,322,323,272,140
2213,60,592,564,304,-220,2,-1150,42,-200,-200,285,248,322,321,252,144
2215,63,624,596,109,-71,2,-1195,19,-200,-200,285,248,322,303,274,147
2217,66,654,626,567,168,2,-1292,42,-200,-200,285,248,322,328,248,150
2219,66,659,631,709,52,2,-1312,42,-200,-200,285,248,322,315,264,150
2221,68,677,649,736,10,2,-1388,42,-200,-200,285,248,322,304,284,152
2223,67,671,643,739,1,2,-1421,42,-200,-200,285,248,322,313,229,151
2225,63,637,609,660,-29,2,-1443,42,-200,-200,285,248,322,301,249,147
2227,57,581,553,560,-37,2,-1448,42,-200,-200,285,248,322,316,221,141
2229,47,488,460,441,-44,2,-1458,42,-200,-200,285,248,322,306,321,131
2231,40,414,386,347,-34,2,-1453,42,-183,-183,285,248,322,306,220,124
2233,33,343,315,163,-68,2,-1448,39,-115,-115,285,248,322,304,294,117
2235,23,248,220,81,-30,2,-1473,21,-45,-45,285,248,322,301,227,107
2237,13,149,121,41,-15,1,-1512,8,43,43,285,253,317,308,359,97
2239,0,24,0,23,-9,0,-1127,3,99,99,285,268,302,298,262,84
2241,-12,-61,-33,16,3,0,-490,3,91,91,287,280,294,274,302,72
2243,-17,-142,-114,-127,-53,2,138,-42,41,41,285,280,290,254,307,67
2245,-17,-166,-138,-176,-18,2,694,-42,-2,-2,285,282,288,242,318,67
2247,-11,-119,-91,-72,38,2,892,-15,-70,-70,285,280,290,251,318,73
2249,-2,-36,-8,-18,20,1,748,-1,-88,-88,285,275,295,274,300,82
2251,9,38,10,21,14,1,313,8,-62,-62,285,275,295,294,291,93
2253,11,92,64,53,12,1,-117,15,-26,-26,285,278,292,295,273,95
2255,10,99,71,71,6,1,-385,18,8,8,285,280,290,313,279,94
2257,5,58,30,57,-5,1,-360,12,39,39,285,282,288,294,288,89
2259,0,9,0,66,3,1,-141,16,42,42,285,283,287,298,300,84
2261,-2,-15,0,55,-4,1,244,12,6,6,286,284,288,275,327,82
2263,-3,-28,0,45,-4,1,473,10,-34,-34,286,285,287,283,321,81
2265,0,-4,0,35,-4,1,544,7,-59,-59,286,285,287,287,336,84
2267,4,33,5,25,-4,0,361,4,-58,-58,286,285,287,300,310,88
2269,7,55,27,28,1,0,122,5,-41,-41,288,288,288,310,299,91
2271,9,84,56,106,39,2,-98,42,3,3,285,285,285,307,307,93
2273,9,89,61,75,-54,2,-184,11,5,5,285,285,285,316,294,93
2275,7,73,45,93,-68,2,-116,14,14,14,285,285,285,308,321,91
2277,6,62,34,104,-76,2,94,16,-2,-2,285,285,285,290,325,90
2279,6,60,32,108,-78,2,285,17,-28,-28,285,285,285,298,321,90
2281,8,77,49,75,-55,2,377,12,-61,-61,285,285,285,281,332,92
2283,12,113,85,72,-52,2,296,11,-86,-86,285,281,289,309,315,96
2285,17,161,133,70,-51,2,105,11,-103,-103,285,275,295,308,304,101
2287,21,202,174,58,-42,2,-183,9,-112,-112,285,269,301,320,296,105
2289,22,217,189,44,-32,2,-468,7,-95,-95,285,266,304,323,271,106
2291,21,211,183,44,-32,2,-729,7,-49,-49,285,272,298,316,282,105
2293,17,177,149,56,-41,2,-872,9,12,12,285,276,294,329,267,101
2295,10,112,84,60,-44,2,-777,9,50,50,285,278,292,319,298,94
2297,2,35,7,76,-55,2,-317,12,65,65,285,283,287,286,313,86
2299,-4,-28,0,74,-54,2,203,6,7,7,285,284,286,274,326,80
2301,-6,-55,-27,59,-43,2,623,9,-43,-43,285,284,286,258,340,78
2303,-4,-42,-14,54,-39,2,752,8,-84,-84,285,281,289,280,322,80
2305,2,10,0,32,-37,2,510,0,-84,-84,285,275,295,287,316,86
2307,10,86,58,67,-48,2,119,10,-47,-47,285,278,292,308,293,94
2309,13,123,95,78,-57,2,-234,12,-27,-27,285,280,290,316,279,97
2311,13,129,101,186,39,2,-389,42,14,14,285,282,288,310,289,97
2313,8,88,60,222,13,2,-332,42,47,47,285,283,287,311,289,92
2315,5,56,28,234,4,2,-65,42,46,46,285,283,287,286,326,89
2317,3,34,6,238,1,2,306,42,9,9,285,284,286,284,326,87
2319,5,47,19,239,1,2,596,42,-43,-43,285,284,286,271,319,89
2321,12,108,80,233,-2,2,648,42,-97,-97,285,277,293,283,331,96
2323,20,185,157,264,11,2,387,42,-132,-132,285,269,301,296,300,104
2325,26,248,220,228,-13,2,18,42,-162,-162,285,259,311,300,294,110
2327,27,266,238,249,8,2,-371,42,-144,-144,285,254,316,312,265,111
2329,25,253,225,243,-2,2,-679,42,-82,-82,285,255,315,303,255,109
2331,19,200,172,135,-40,2,-919,37,1,1,285,264,306,308,255,103
2334,12,125,97,198,-93,2,-830,42,78,78,285,278,292,303,268,96
2336,1,28,0,89,-64,2,-331,7,68,68,285,286,284,264,302,85
2338,-6,-46,-18,200,-145,2,232,31,31,31,285,286,284,254,306,78
2340,-8,-75,-47,233,-169,2,720,36,-15,-15,285,286,284,234,315,76
2342,-4,-46,-18,311,28,2,844,42,-69,-69,285,283,287,260,314,80
2344,6,43,15,211,-37,2,645,42,-70,-70,285,277,293,264,287,90
2346,14,124,96,137,-27,2,240,41,-64,-64,285,277,293,292,288,98
2348,16,154,126,172,13,2,-138,42,-49,-49,285,280,290,296,263,100
2350,15,151,123,138,-13,2,-317,42,-17,-17,285,281,289,298,280,99
2352,12,125,97,212,27,2,-389,42,20,20,285,282,288,300,270,96
2355,7,74,46,99,-72,2,-182,15,29,29,285,283,287,287,288,91
2357,4,45,17,85,-61,2,172,13,1,1,285,284,286,271,319,88
2359,3,32,4,77,-56,2,468,6,-44,-44,285,284,286,268,315,87
2361,6,56,28,67,-49,2,549,10,-74,-74,285,281,289,271,310,90
2363,12,110,82,122,20,2,349,42,-71,-71,285,277,293,290,297,96
2365,18,169,141,54,-25,2,66,12,-107,-107,285,271,299,286,279,102
2367,19,187,159,158,38,2,-248,42,-70,-70,285,269,301,311,287,103
2369,18,181,153,146,-4,2,-505,42,-22,-22,285,274,296,304,266,102
2371,15,155,127,102,-16,2,-657,32,20,20,285,277,293,315,280,99
2373,10,109,81,691,216,2,-514,42,53,53,285,279,291,304,291,94
2376,4,44,16,590,-333,2,96,42,36,36,285,282,288,273,303,88
2378,4,41,13,454,-329,2,513,42,-22,-22,285,283,287,266,336,88
2380,10,91,63,197,-142,2,728,30,-101,-101,285,279,291,262,325,94
2382,23,208,180,295,-214,2,566,42,-165,-165,285,267,303,285,299,107
2384,31,294,266,-405,-257,2,231,-42,-200,-200,285,251,319,294,293,115
2386,33,324,296,-355,18,2,-80,-42,-200,-200,285,248,322,288,268,117
2388,38,371,343,-259,35,2,-396,-42,-200,-200,285,248,322,295,279,122
2390,42,412,384,-94,61,2,-591,-16,-200,-200,285,248,322,284,243,126
2392,45,444,416,572,245,2,-775,42,-200,-200,285,248,322,301,272,129
2394,46,457,429,750,65,2,-917,42,-200,-200,285,248,322,288,252,130
2397,49,488,460,289,-209,2,-1077,42,-200,-200,285,248,322,281,294,133
2399,51,506,478,192,-139,2,-1146,30,-200,-200,285,248,322,302,235,135
2401,52,518,490,284,-206,2,-1191,42,-200,-200,285,248,322,286,266,136
2403,52,520,492,699,153,2,-1233,42,-200,-200,285,248,322,294,247,136
2405,52,520,492,839,51,2,-1301,42,-200,-200,285,248,322,289,310,136
2407,52,520,492,820,-7,2,-1359,42,-200,-200,285,248,322,290,243,136
2409,51,512,484,561,-95,2,-1368,42,-200,-200,285,248,322,286,291,135
2411,50,502,474,467,-34,2,-1367,42,-200,-200,285,248,322,277,233,134
2413,49,492,464,642,64,2,-1358,42,-195,-195,285,248,322,280,254,133
2415,45,457,429,481,-59,2,-1374,42,-172,-172,285,248,322,280,243,129
2417,42,426,398,766,104,2,-1364,42,-148,-148,285,248,322,286,270,126
2420,42,420,392,-8,-74,2,-1323,-23,-198,-198,285,248,322,277,299,126
2422,37,383,355,41,-30,2,-1319,6,-145,-145,285,248,322,271,231,121
2424,31,322,294,133,-96,2,-1332,21,-99,-99,285,248,322,286,288,115
2426,24,253,225,162,-117,2,-1329,25,-40,-40,285,251,319,277,239,108
2428,17,183,155,264,-191,2,-1355,41,47,47,285,261,309,288,336,101
2430,9,105,77,560,109,2,-1004,42,95,95,285,275,295,271,249,93
2432,1,25,0,620,22,2,-397,42,107,107,285,287,283,257,271,85
2434,-3,-21,0,421,-73,2,249,42,36,36,285,289,281,228,307,81
2436,1,5,0,380,-15,2,746,42,-47,-47,285,288,282,223,299,85
2438,11,93,65,500,44,2,1005,42,-127,-127,285,278,292,222,316,95
2440,25,225,197,686,68,2,769,42,-200,-200,285,261,309,259,288,109
2442,40,372,344,655,-11,2,384,42,-200,-200,285,248,322,258,272,124
2444,45,438,410,426,-84,2,20,42,-200,-200,285,248,322,278,261,129
2446,52,507,479,90,-123,2,-268,-2,-200,-200,285,248,322,269,289,136
2448,56,551,523,548,168,2,-476,42,-200,-200,285,248,322,280,277,140
2450,57,567,539,483,-24,2,-667,42,-200,-200,285,248,322,280,239,141
2452,57,570,542,103,-140,2,-783,-2,-200,-200,285,248,322,283,278,141
2454,57,570,542,446,126,2,-870,42,-200,-200,285,248,322,287,271,141
2456,54,545,517,236,-77,2,-954,42,-200,-200,285,248,322,279,331,138
2458,52,524,496,119,-43,2,-1057,30,-200,-200,285,248,322,288,276,136
2460,47,484,456,-39,-58,2,-1104,-30,-200,-200,285,248,322,268,283,131
2462,44,447,419,-93,-20,2,-1186,-38,-200,-200,285,248,322,289,299,128
2464,39,399,371,-104,-4,2,-1252,-38,-200,-200,285,248,322,267,314,123
2467,31,316,288,-229,-8,2,-1349,-42,-166,-166,285,248,322,281,345,115
2469,23,244,216,-135,98,2,-1368,-21,-91,-91,285,248,322,286,242,107
2471,13,148,120,-141,102,2,-1382,-22,1,1,285,248,322,271,316,97
2473,4,57,29,-223,161,2,-1361,-34,76,76,285,260,310,287,243,88
2475,-5,-33,-5,-182,132,2,-846,-14,107,107,285,276,294,262,268,79
2477,-12,-106,-78,-176,127,2,-217,-27,66,66,285,284,286,254,294,72
2479,-15,-143,-115,-137,99,2,407,-21,29,29,285,284,286,223,300,69
2481,-10,-107,-79,-411,-101,2,908,-42,-92,-92,285,280,290,226,337,74
2483,2,0,0,-603,-70,2,887,-42,-160,-160,285,269,301,250,312,86
2485,15,126,98,-488,42,2,622,-42,-187,-187,285,256,314,274,296,99
2487,24,222,194,-735,-91,2,194,-42,-200,-200,285,248,322,274,299,108
2489,27,262,234,-533,74,2,-153,-42,-200,-200,285,248,322,287,283,111
2491,27,269,241,-451,30,2,-468,-42,-200,-200,285,248,322,281,351,111
2493,23,236,208,-696,-90,2,-700,-42,-151,-151,285,248,322,299,267,107
2495,16,172,144,-792,-35,2,-857,-42,-74,-74,285,248,322,291,327,100
2497,7,86,58,-791,0,2,-977,-42,6,6,285,252,318,284,281,91
2499,-3,-11,0,-704,32,2,-986,-42,83,83,285,265,305,287,301,81
2501,-16,-136,-108,-648,20,2,-570,-42,101,101,285,279,291,270,288,68
2503,-22,-207,-179,-391,95,2,-37,-42,119,119,285,291,279,257,291,62
2506,-29,-285,-257,-112,139,2,747,-1,150,150,285,305,265,225,309,55
2508,-30,-298,-270,-169,123,2,1151,-26,83,83,285,307,263,228,335,54
2510,-26,-266,-238,-181,131,2,1467,-28,-10,-10,285,301,269,205,330,58
2512,-25,-253,-225,-144,104,2,1507,-22,-48,-48,285,296,274,228,319,59
2514,-11,-133,-105,-234,-33,2,1115,-42,-82,-82,285,287,283,250,306,73
2516,-4,-55,-27,-324,-33,2,562,-42,-97,-97,285,279,291,282,284,80
2518,-4,-42,-14,-381,-21,2,44,-42,-63,-63,285,277,293,291,287,80
2520,-10,-91,-63,-394,-5,2,-321,-42,24,24,285,279,291,312,278,74
2522,-20,-183,-155,-358,13,2,-500,-42,123,123,285,290,280,308,277,64
2524,-25,-239,-211,-167,70,2,-202,-40,172,172,285,304,266,284,305,59
2526,-35,-332,-304,-149,7,2,177,-42,200,200,285,319,251,273,310,49
2529,-42,-414,-386,-141,102,2,845,-22,200,200,285,322,248,241,330,42
2531,-44,-436,-408,-91,66,2,1187,-14,200,200,285,322,248,236,334,40
2533,-41,-414,-386,-21,15,1,1438,-3,147,147,285,322,248,224,330,43
2535,-35,-366,-338,42,-30,2,1594,6,115,115,285,322,248,229,344,49
2537,-28,-294,-266,80,14,2,1711,32,92,92,285,322,248,237,339,56
2539,-23,-240,-212,-564,-236,2,1775,-42,-34,-34,285,315,255,229,329,61
2541,-20,-206,-178,-24,198,2,1735,42,-31,-31,285,306,264,234,344,64
2543,-13,-150,-122,251,101,2,1203,42,-12,-12,285,300,270,270,307,71
2545,-9,-100,-72,370,44,2,721,42,3,3,285,296,274,281,289,75
2547,-10,-100,-72,383,5,2,418,42,28,28,285,292,278,289,309,74
2549,-13,-125,-97,368,-6,2,343,42,60,60,285,290,280,274,302,71
2551,-16,-154,-126,24,-126,2,398,-26,27,27,285,289,281,276,326,68
2553,-20,-181,-153,-58,-30,2,639,-29,11,11,285,288,282,258,331,64
2556,-23,-227,-199,-89,50,2,804,-18,34,34,285,287,283,272,330,61
2558,-28,-272,-244,-127,92,2,787,-20,85,85,285,290,280,275,315,56
2560,-34,-329,-301,-138,100,2,822,-21,145,145,285,299,271,268,341,50
2562,-39,-380,-352,-258,187,2,936,-40,174,174,285,311,259,266,330,45
2564,-45,-439,-411,-240,254,2,1106,-15,200,200,285,322,248,251,328,39
2566,-49,-482,-454,-592,-129,2,1291,-42,200,200,285,322,248,253,347,35
2568,-50,-497,-469,-478,42,2,1402,-42,200,200,285,322,248,238,334,34
2570,-53,-525,-497,-632,-57,2,1510,-42,200,200,285,322,248,241,328,31
2572,-54,-538,-510,-637,-2,2,1562,-42,200,200,285,322,248,236,337,30
2574,-54,-540,-512,-666,-10,2,1593,-42,200,200,285,322,248,238,324,30
2576,-54,-540,-512,-669,-1,2,1597,-42,200,200,285,322,248,237,321,30
2578,-53,-532,-504,-656,5,2,1673,-42,186,186,285,322,248,228,331,31
2581,-50,-502,-474,-313,372,2,1788,-8,163,163,285,322,248,225,335,34
2583,-45,-458,-430,-84,60,2,1830,-13,150,150,285,322,248,279,320,39
2585,-41,-418,-390,-79,57,2,1809,-12,115,115,285,322,248,227,335,43
2587,-37,-382,-354,-2,2,0,1785,0,84,84,286,323,249,267,319,47
2589,-32,-345,-317,-11,8,0,1775,-1,25,25,287,317,257,221,312,52
2591,-26,-282,-254,-83,-27,2,1681,-34,-1,-1,285,306,264,238,323,58
2593,-23,-238,-210,-28,20,1,1342,-3,2,2,285,300,270,250,302,61
2595,-18,-204,-176,-8,13,0,965,0,-7,-7,286,297,275,261,305,66
2597,-18,-186,-158,64,26,2,736,28,35,35,285,292,278,262,294,66
2599,-19,-189,-161,121,21,2,552,42,85,85,285,294,276,268,288,65
2601,-22,-215,-187,147,10,2,539,42,122,122,285,301,269,265,299,62
2603,-26,-253,-225,169,8,2,740,42,146,146,285,309,261,256,299,58
2605,-26,-259,-231,176,3,2,949,42,127,127,285,313,257,241,316,58
2607,-20,-209,-181,-346,-192,2,1169,-42,-25,-25,285,305,265,242,312,64
2610,-9,-102,-74,6,-4,0,1229,1,-70,-70,286,295,277,232,308,75
2612,3,-4,0,68,-49,2,829,5,-93,-93,285,286,284,265,293,87
2614,15,125,97,64,-46,2,301,10,-90,-90,285,279,291,274,268,99
2616,20,188,160,44,-32,2,-115,7,-110,-110,285,272,298,297,265,104
2618,20,198,170,176,134,2,-455,42,-61,-61,285,273,297,299,257,104
2620,20,200,172,278,38,2,-671,42,-15,-15,285,277,293,307,260,104
2622,20,200,172,352,27,2,-759,42,8,8,285,279,291,308,261,104
2624,22,217,189,384,12,2,-506,42,-31,-31,285,281,289,285,280,106
2626,27,261,233,229,-57,2,-256,42,-118,-118,285,274,296,293,299,111
2628,35,336,308,561,122,2,-134,42,-200,-200,285,258,312,283,287,119
2630,36,356,328,322,-88,2,-266,42,-200,-200,285,248,322,305,286,120
2633,55,538,510,409,-296,2,-556,42,-200,-200,285,248,322,305,263,139
2635,61,598,570,211,-153,2,-753,33,-200,-200,285,248,322,297,248,145
2637,73,709,681,146,-106,2,-892,23,-200,-200,285,248,322,309,247,157
2639,86,836,808,447,110,2,-1004,42,-200,-200,285,248,322,301,261,170
2641,88,873,845,31,-153,2,-1057,-31,-200,-200,285,248,322,292,239,172
2643,96,946,918,223,70,2,-1123,42,-200,-200,285,248,322,296,264,180
2645,93,933,905,-330,-203,2,-1197,-42,-200,-200,285,248,322,290,261,177
2647,94,939,911,-11,117,2,-1262,28,-200,-200,285,248,322,296,282,178
2649,96,955,927,63,27,2,-1348,30,-200,-200,285,248,322,295,322,180
2651,98,976,948,54,-3,2,-1403,18,-200,-200,285,248,322,293,204,182
2653,99,988,960,51,-1,2,-1384,18,-200,-200,285,248,322,284,353,183
2655,99,990,962,44,-3,2,-1468,15,-200,-200,285,248,322,282,251,183
2657,99,990,962,41,-1,2,-1488,14,-200,-200,285,248,322,286,327,183
2659,99,990,962,47,2,2,-1552,17,-200,-200,285,248,322,272,280,183
2661,99,990,962,36,-4,2,-1536,12,-200,-200,285,248,322,292,216,183
2664,98,981,953,-124,90,2,-1444,-19,-200,-200,285,248,322,281,251,182
2666,98,980,952,-66,48,2,-1435,-10,-200,-200,285,248,322,282,255,182
2668,98,980,952,29,-21,2,-1367,4,-200,-200,285,248,322,287,226,182
2670,96,963,935,76,-55,2,-1328,12,-200,-200,285,248,322,274,263,180
2672,94,944,916,224,55,2,-1271,42,-200,-200,285,248,322,285,223,178
2674,90,907,879,295,26,2,-1268,42,-200,-200,285,248,322,283,245,174
2676,86,868,840,338,16,2,-1226,42,-200,-200,285,248,322,287,241,170
2678,80,811,783,213,-46,2,-1251,42,-200,-200,285,248,322,291,248,164
2680,74,751,723,45,-62,2,-1253,-1,-200,-200,285,248,322,281,321,158
2682,66,683,655,9,-13,1,-1278,-1,-200,-200,285,248,322,284,279,150
2684,57,599,571,-77,-31,2,-1239,-35,-200,-200,285,248,322,275,261,141
2686,49,507,479,-72,2,2,-1227,-25,-200,-200,285,248,322,284,259,133
2688,41,426,398,-57,5,2,-1174,-19,-200,-200,285,248,322,249,241,125
2690,33,345,317,-66,-3,2,-1263,-24,-200,-200,285,248,322,290,236,117
2692,25,265,237,-29,14,1,-1329,-5,-109,-109,285,248,322,260,447,109
2694,15,168,140,-69,-15,2,-1464,-28,-18,-18,285,248,322,290,207,99
2696,3,52,24,-149,-29,2,-1535,-42,74,74,285,258,312,258,488,87
2698,-11,-84,-56,-103,17,2,-1186,-32,128,128,285,276,294,265,218,73
2700,-22,-198,-170,-267,-60,2,-417,-42,148,148,285,291,279,221,314,62
2702,-34,-317,-289,-349,-30,2,237,-42,200,200,285,309,261,227,283,50
2704,-34,-336,-308,-164,68,2,724,-39,182,182,285,322,248,195,281,50
2706,-28,-289,-261,-48,42,2,1170,-5,91,91,285,320,250,238,297,56
2708,-21,-230,-202,17,24,1,1403,9,12,12,286,311,261,201,300,63
2710,-11,-141,-113,225,76,2,1464,42,-20,-20,285,302,268,230,299,73
2713,2,10,0,207,-48,2,1017,30,-109,-109,285,287,283,248,297,86
2715,12,102,74,104,-75,2,497,16,-95,-95,285,279,291,284,282,96
2717,19,176,148,81,-59,2,54,13,-109,-109,285,273,297,284,264,103
2719,20,196,168,71,-52,2,-427,11,-83,-83,285,269,301,317,299,104
2721,18,183,155,73,-53,2,-640,11,-29,-29,285,274,296,313,266,102
2723,10,113,85,46,-34,2,-802,7,41,41,285,277,293,311,274,94
2725,3,43,15,45,-32,2,-610,7,89,89,285,286,284,305,290,87
2727,-5,-35,-7,347,111,2,-160,42,80,80,285,293,277,272,320,79
2729,-10,-90,-62,535,69,2,480,42,42,42,285,291,279,303,343,74
2731,-8,-82,-54,625,33,2,860,42,-28,-28,285,289,281,247,328,76
2733,-1,-21,0,416,-77,2,1058,42,-99,-99,285,281,289,261,341,83
2735,11,89,61,412,-1,2,725,42,-96,-96,285,274,296,279,310,95
2737,23,207,179,689,102,2,297,42,-138,-138,285,266,304,304,295,107
2739,28,268,240,146,-200,2,-140,-4,-200,-200,285,253,317,307,287,112
2741,29,287,259,228,30,2,-456,42,-158,-158,285,248,322,302,278,113
2743,29,289,261,628,147,2,-701,42,-114,-114,285,248,322,316,287,113
2745,26,265,237,802,64,2,-834,42,-65,-65,285,253,317,305,272,110
2747,22,227,199,907,39,2,-973,42,-8,-8,285,262,308,314,273,106
2749,21,213,185,922,6,2,-956,42,23,23,285,269,301,318,270,105
2751,18,185,157,410,-188,2,-577,42,6,6,285,274,296,287,301,102
2753,18,181,153,363,-17,2,-147,42,-46,-46,285,277,293,291,314,102
2755,20,197,169,799,160,2,73,42,-101,-101,285,272,298,284,313,104
2757,23,225,197,727,-27,2,49,42,-137,-137,285,265,305,310,316,107
2759,28,271,243,185,-199,2,-161,10,-185,-185,285,254,316,311,286,112
2761,39,371,343,779,218,2,-412,42,-200,-200,285,248,322,309,285,123
2763,46,446,418,600,-65,2,-639,42,-200,-200,285,248,322,316,317,130
2765,53,517,489,839,88,2,-814,42,-200,-200,285,248,322,312,274,137
2767,60,587,559,879,15,2,-872,42,-200,-200,285,248,322,316,289,144
2769,67,657,629,482,-146,2,-953,42,-200,-200,285,248,322,310,274,151
2771,72,710,682,620,51,2,-1037,42,-200,-200,285,248,322,300,277,156
2773,78,769,741,673,20,2,-1119,42,-200,-200,285,248,322,317,297,162
2775,82,812,784,644,-10,2,-1184,42,-200,-200,285,248,322,301,339,166
2777,83,827,799,595,-18,2,-1242,42,-200,-200,285,248,322,299,302,167
2779,83,830,802,545,-18,2,-1260,42,-200,-200,285,248,322,302,305,167
2781,80,805,777,515,-11,2,-1258,42,-200,-200,285,248,322,292,248,164
2783,76,767,739,392,-45,2,-1261,42,-200,-200,285,248,322,303,284,160
2785,71,719,691,318,-27,2,-1276,42,-200,-200,285,248,322,285,321,155
2787,63,644,616,246,-26,2,-1292,42,-200,-200,285,248,322,303,303,147
2789,55,565,537,355,40,2,-1288,42,-200,-200,285,248,322,291,275,139
2791,46,477,449,385,11,2,-1257,42,-200,-200,285,248,322,294,253,130
2793,38,395,367,375,-4,2,-1262,42,-194,-194,285,248,322,292,293,122
2795,31,324,296,325,-18,2,-1226,42,-122,-122,285,248,322,284,272,115
2797,22,237,209,216,-40,2,-1209,42,-39,-39,285,248,322,295,239,106
2799,12,139,111,185,-11,2,-1191,42,58,58,285,252,318,285,298,96
2801,2,39,11,114,-82,2,-915,18,122,122,285,270,300,288,282,86
2803,-9,-69,-41,97,-70,2,-399,15,106,106,285,285,285,270,292,75
2805,-18,-162,-134,45,-32,2,168,7,108,108,285,294,276,255,297,66
2807,-20,-194,-166,35,-25,1,674,4,80,80,285,299,271,229,325,64
2809,-18,-182,-154,53,-38,2,1072,8,9,9,285,295,275,232,321,66
2811,-12,-130,-102,123,-89,2,1375,19,-77,-77,285,288,282,217,326,72
2813,-3,-46,-18,151,-109,2,1188,23,-120,-120,285,279,291,258,324,81
2814,9,36,8,276,126,2,1014,42,-112,-112,285,275,295,269,305,93
2816,20,174,146,392,42,2,551,42,-130,-130,285,267,303,285,292,104
2818,23,221,193,417,9,2,107,42,-144,-144,285,260,310,289,273,107
2820,23,229,201,452,13,2,-238,42,-118,-118,285,257,313,301,296,107
2822,20,205,177,451,-1,2,-483,42,-56,-56,285,262,308,299,262,104
2824,16,167,139,510,22,2,-634,42,7,7,285,269,301,311,302,100
2826,11,119,91,523,5,2,-700,42,58,58,285,274,296,306,290,95
2828,5,61,33,286,-207,2,-360,42,74,74,285,283,287,287,311,89
2830,-1,1,0,194,-140,2,145,15,25,25,285,286,284,273,326,83
2831,-4,-23,0,326,133,2,414,42,-1,-1,285,286,284,264,341,80
2833,0,-4,0,468,52,2,831,42,-67,-67,285,283,287,246,339,84
2835,8,67,39,536,25,2,819,42,-99,-99,285,276,294,279,323,92
2837,19,170,142,505,-11,2,499,42,-129,-129,285,268,302,292,315,103
2839,24,229,201,435,-26,2,58,42,-146,-146,285,261,309,311,289,108
2841,24,238,210,419,-6,2,-299,42,-121,-121,285,257,313,319,281,108
2843,23,231,203,189,-209,2,-632,9,-84,-84,285,258,312,309,333,107
2845,19,197,169,144,-104,2,-804,22,-13,-13,285,266,304,323,266,103
2847,13,141,113,165,-120,2,-952,26,54,54,285,272,298,316,314,97
2849,5,65,37,194,-141,2,-627,30,86,86,285,282,288,295,294,89
2851,-4,-23,0,207,-150,2,-111,16,57,57,285,287,283,282,328,80
2853,-9,-79,-51,152,-110,2,420,24,23,23,285,286,284,252,332,75
2855,-7,-71,-43,233,-24,2,880,42,-43,-43,285,286,284,248,331,77
2856,1,-23,0,349,116,2,1009,42,-83,-83,285,282,288,251,342,85
2858,14,114,86,482,49,2,871,42,-117,-117,285,274,296,277,313,98
2860,30,270,242,375,-40,2,547,42,-200,-200,285,258,312,292,316,114
2862,33,320,292,332,-16,2,139,42,-200,-200,285,248,322,307,296,117
2864,36,354,326,589,95,2,-168,42,-200,-200,285,248,322,295,287,120
2866,39,384,356,158,-158,2,-471,12,-200,-200,285,248,322,309,288,123
2868,41,406,378,73,-31,2,-663,17,-200,-200,285,248,322,294,325,125
2870,46,451,423,642,209,2,-835,42,-200,-200,285,248,322,310,272,130
2872,47,467,439,455,-69,2,-889,42,-200,-200,285,248,322,300,294,131
2874,47,470,442,345,-40,2,-980,42,-200,-200,285,248,322,289,301,131
2876,48,478,450,269,-28,2,-1035,42,-200,-200,285,248,322,296,311,132
2878,48,480,452,223,-17,2,-1081,42,-200,-200,285,248,322,285,273,132
2880,48,480,452,135,-32,2,-1080,39,-200,-200,285,248,322,294,280,132
2882,48,480,452,125,-4,2,-1092,42,-200,-200,285,248,322,278,273,132
2884,48,480,452,142,6,2,-1103,42,-200,-200,285,248,322,288,294,132
2886,47,472,444,-32,-64,2,-1140,-29,-200,-200,285,248,322,289,278,131
2888,45,453,425,-57,-9,2,-1143,-23,-200,-200,285,248,322,281,343,129
2890,42,425,397,-79,-8,2,-1198,-30,-200,-200,285,248,322,275,291,126
2892,38,387,359,-246,-61,2,-1232,-42,-200,-200,285,248,322,267,308,122
2894,34,348,320,-222,9,2,-1293,-42,-188,-188,285,248,322,280,269,118
2896,30,308,280,-267,-17,2,-1312,-42,-150,-150,285,248,322,261,301,114
2899,22,226,198,-298,216,2,-1358,-42,-65,-65,285,248,322,263,367,106
2901,10,120,92,-305,221,2,-1375,-42,15,15,285,253,317,270,262,94
2903,-5,-23,0,-115,83,2,-1122,-9,122,101,285,267,303,264,254,79
2905,-20,-155,-127,-12,9,0,-558,-1,150,150,285,283,287,247,268,64
2907,-27,-240,-212,-387,-2,2,74,-42,136,136,285,295,275,227,276,57
2909,-32,-307,-279,-694,-113,2,650,-42,152,152,285,306,264,209,306,52
2911,-32,-318,-290,-811,-43,2,1099,-42,106,106,285,309,261,205,298,52
2913,-30,-303,-275,-870,-22,2,1397,-42,24,24,285,302,268,198,304,54
2915,-25,-258,-230,-930,-22,2,1507,-42,-39,-39,285,297,273,208,317,59
2917,-21,-218,-190,-645,105,2,1256,-42,-53,-53,285,294,276,235,290,63
2920,-19,-192,-164,-284,205,2,570,-42,-5,-5,285,290,280,266,272,65
2922,-17,-173,-145,-156,113,2,227,-24,45,45,285,289,281,272,281,67
2924,-21,-204,-176,-243,176,2,156,-37,82,82,285,291,279,280,283,63
2926,-31,-293,-265,-255,184,2,338,-39,157,157,285,302,268,258,311,53
2928,-38,-366,-338,-246,178,2,685,-38,199,199,285,317,253,254,322,46
2930,-42,-411,-383,-136,99,2,963,-21,200,200,285,322,248,237,326,42
2932,-44,-435,-407,-138,100,2,1219,-21,200,200,285,322,248,240,330,40
2934,-43,-431,-403,-51,37,2,1447,-8,167,167,285,322,248,222,327,41
2936,-39,-397,-369,63,-46,2,1554,10,144,144,285,322,248,231,335,45
2938,-30,-315,-287,133,-97,2,1616,21,121,121,285,322,248,233,331,54
2940,-23,-244,-216,176,-128,2,1695,27,56,56,285,322,248,234,313,61
2942,-15,-165,-137,371,72,2,1753,42,-20,-20,285,312,258,229,337,69
2944,-5,-68,-40,344,-10,2,1585,42,-90,-90,285,300,270,242,343,79
2946,4,23,0,23,-118,2,1232,-12,-179,-176,285,282,288,253,292,88
2948,19,147,119,300,102,2,625,42,-124,-124,285,272,298,271,283,103
2950,25,234,206,134,-61,2,119,31,-162,-162,285,262,308,286,254,109
2952,25,247,219,65,-25,2,-265,16,-161,-161,285,254,316,288,293,109
2954,23,233,205,9,-21,1,-578,-2,-110,-110,285,253,317,286,264,107
2956,17,186,158,-103,-41,2,-748,-42,-81,-81,285,256,314,290,282,101
2958,9,105,77,12,42,1,-909,13,27,27,285,264,306,287,258,93
2960,0,43,15,20,0,0,-936,4,78,71,287,274,300,296,255,84
2963,-9,-76,-48,73,5,2,-283,26,98,98,285,288,282,267,297,75
2965,-9,-88,-60,281,-131,2,276,42,65,65,285,290,280,237,301,75
2967,-8,-81,-53,143,-104,2,759,22,-25,-25,285,289,281,235,328,76
2969,-11,-105,-77,53,-38,2,1089,8,-85,-85,285,284,286,228,324,73
2971,-4,-57,-29,6,-4,0,911,1,-119,-119,286,277,295,264,296,80
2973,24,164,136,46,-33,2,518,7,-124,-124,285,271,299,268,293,108
2975,28,261,233,-204,-92,2,46,-42,-200,-200,285,254,316,297,261,112
2977,9,117,89,-287,-31,2,-312,-42,-114,-114,285,250,320,293,282,93
2979,8,86,58,-362,-27,2,-544,-42,-33,-33,285,258,312,310,259,92
2981,7,73,45,-347,5,2,-749,-42,24,24,285,266,304,303,315,91
2983,6,62,34,-396,-18,2,-675,-42,43,43,285,272,298,300,276,90
2985,2,27,0,-472,-28,2,-217,-42,4,4,285,276,294,282,316,86
2987,-11,-88,-60,-577,-39,2,225,-42,-27,-27,285,278,292,262,319,73
2989,-11,-106,-78,-453,45,2,407,-42,-39,-39,285,280,290,278,316,73
2991,-7,-76,-48,-424,10,2,319,-42,-61,-61,285,282,288,284,318,77
2993,-4,-46,-18,-421,1,2,160,-42,-64,-64,285,280,290,309,301,80
2995,-4,-41,-13,-334,32,2,-26,-42,-43,-43,285,282,288,309,302,80
2997,-5,-49,-21,-199,50,2,-181,-42,-16,-16,285,283,287,309,298,79
2999,-10,-92,-64,-200,0,2,-259,-42,29,29,285,283,287,316,288,74
3001,-16,-149,-121,324,192,2,-183,42,147,147,285,295,275,296,321,68
3003,-24,-225,-197,83,-89,2,95,5,174,174,285,308,262,296,324,60
3005,-24,-236,-208,-72,-57,2,502,-41,103,103,285,311,259,262,339,60
3007,-24,-239,-211,62,49,2,828,36,111,111,285,313,257,259,336,60
3009,-21,-217,-189,1,-22,1,1131,-5,13,13,285,305,265,236,325,63
3011,-18,-195,-167,-323,-324,2,1379,-42,-75,-75,285,296,274,234,343,66
3014,-17,-172,-144,33,-24,1,955,4,-35,-35,285,292,278,271,316,67
3016,-16,-162,-134,-128,92,2,443,-19,-5,-5,285,290,280,286,287,68
3018,-15,-152,-124,50,-36,2,160,8,76,76,285,292,278,293,289,69
3020,-19,-184,-156,19,-14,1,113,2,90,90,286,297,275,273,298,65
3022,-28,-255,-227,-45,32,2,386,-7,126,126,285,301,269,264,306,56
3024,-38,-360,-332,-142,103,2,692,-22,197,197,285,314,256,242,326,46
3026,-43,-419,-391,-194,140,2,991,-30,200,200,285,322,248,242,317,41
3028,-47,-462,-434,-224,162,2,1259,-35,200,200,285,322,248,231,315,37
3030,-49,-485,-457,-243,176,2,1421,-38,200,200,285,322,248,227,326,35
3032,-49,-489,-461,-260,188,2,1573,-40,172,172,285,322,248,227,313,35
3034,-47,-473,-445,-572,-115,2,1650,-42,138,138,285,322,248,227,324,37
3036,-44,-445,-417,-498,27,2,1689,-42,104,104,285,322,248,240,318,40
3038,-44,-441,-413,-678,-66,2,1675,-42,94,94,285,322,248,227,309,40
3040,-40,-407,-379,-660,7,2,1647,-42,79,79,285,320,250,225,318,44
3042,-39,-393,-365,-766,-39,2,1653,-42,57,57,285,312,258,222,316,45
3044,-36,-365,-337,-822,-20,2,1617,-42,42,42,285,304,266,231,319,48
3046,-31,-319,-291,-522,110,2,1464,-42,36,36,285,299,271,231,314,53
3048,-30,-303,-275,-355,61,2,1298,-42,28,28,285,295,275,246,303,54
3050,-30,-300,-272,-425,-26,2,1132,-42,37,37,285,292,278,245,319,54
3052,-30,-300,-272,-402,8,2,1004,-42,55,55,285,290,280,257,312,54
3054,-33,-325,-297,-659,-95,2,922,-42,89,89,285,295,275,253,308,51
3056,-37,-363,-335,-673,-5,2,955,-42,129,129,285,302,268,256,318,47
3058,-40,-394,-366,-771,-36,2,1114,-42,146,146,285,310,260,241,312,44
3060,-42,-416,-388,-611,59,2,1283,-42,143,143,285,315,255,237,329,42
3062,-43,-428,-400,-730,-44,2,1440,-42,124,124,285,317,253,239,322,41
3064,-43,-430,-402,-544,68,2,1564,-42,105,105,285,316,254,244,319,41
3066,-43,-430,-402,-661,-43,2,1656,-42,90,90,285,315,255,237,335,41
3068,-41,-413,-385,-667,-2,2,1683,-42,69,69,285,312,258,249,321,43
3070,-38,-385,-357,-603,24,2,1664,-42,49,49,285,304,266,243,318,46
3072,-36,-364,-336,-508,35,2,1577,-42,39,39,285,298,272,257,327,48
3074,-33,-335,-307,-509,0,2,1412,-42,41,41,285,294,276,255,311,51
3076,-33,-331,-303,-583,-27,2,1249,-42,48,48,285,292,278,256,326,51
3078,-33,-330,-302,-687,-38,2,1117,-42,67,67,285,292,278,257,314,51
3080,-36,-355,-327,-808,-45,2,1096,-42,93,93,285,297,273,262,311,48
3082,-38,-376,-348,-836,-10,2,1105,-42,115,115,285,303,267,257,329,46
3084,-41,-405,-377,-825,4,2,1191,-42,136,136,285,309,261,255,321,43
3086,-41,-409,-381,1,303,2,1303,42,199,199,285,321,249,265,320,43
3088,-41,-410,-382,339,124,2,1389,42,200,200,285,322,248,238,328,43
3090,-41,-410,-382,545,76,2,1472,42,189,189,285,322,248,290,315,43
3093,-41,-410,-382,203,-147,2,1557,31,167,167,285,322,248,260,313,43
3095,-39,-393,-365,151,-109,2,1579,23,142,142,285,322,248,251,329,45
3097,-35,-357,-329,214,-155,2,1585,33,126,126,285,322,248,242,318,49
3099,-30,-309,-281,225,-163,2,1595,35,102,102,285,322,248,312,309,54
3101,-25,-259,-231,71,-51,2,1627,11,40,40,285,318,252,261,328,59
3103,-17,-184,-156,-394,-171,2,1621,-42,-76,-76,285,305,265,279,317,67
3105,-9,-105,-77,-206,69,2,1298,-42,-128,-128,285,289,281,251,302,75
3107,7,42,14,223,157,2,735,42,-77,-77,285,281,289,272,278,91
3109,-9,-56,-28,-117,-125,2,69,-42,-60,-60,285,279,291,296,251,75
3111,-20,-177,-149,-444,-120,2,-447,-42,91,91,285,285,285,300,243,64
3113,-4,-62,-34,-209,86,2,-658,-42,79,79,285,292,278,285,254,80
3115,10,74,46,16,83,2,-334,29,59,59,285,293,277,281,279,94
3117,7,71,43,85,25,2,36,37,22,22,285,291,279,252,282,91
3119,0,11,0,-482,-208,2,482,-42,-90,-90,285,285,285,259,304,84
3121,-3,-23,0,-680,-72,2,568,-42,-130,-130,285,274,296,253,285,81
3123,-11,-96,-68,-733,-20,2,262,-42,-56,-56,285,274,296,283,281,73
3125,-15,-141,-113,-711,8,2,-205,-42,43,43,285,277,293,290,248,69
3127,-17,-165,-137,-843,-48,2,-506,-42,123,123,285,288,282,303,259,67
3129,0,-26,0,-390,166,2,-347,-42,31,31,285,290,280,289,273,84
3131,-40,-340,-312,-649,-95,2,25,-42,200,200,285,304,266,266,298,44
3133,-56,-525,-497,-271,139,2,413,-42,200,200,285,320,250,258,297,28
3135,-55,-546,-518,-178,34,2,770,-42,200,200,285,322,248,271,302,29
3138,-49,-494,-466,-186,-46,2,1212,-42,200,200,285,322,248,327,312,35
3140,-40,-415,-387,-123,89,2,1442,-19,179,179,285,322,248,351,304,44
3142,-29,-310,-282,-161,116,2,1548,-25,94,94,285,322,248,293,288,55
3144,-16,-184,-156,-49,36,2,1589,-8,-6,-6,285,321,249,251,301,68
3146,-4,-77,-49,3,19,0,1518,4,-80,-80,286,309,263,325,281,80
3148,9,47,19,121,43,2,1080,42,-109,-109,285,293,277,244,282,93
3150,20,176,148,173,19,2,444,42,-122,-122,285,281,289,260,249,104
3152,24,230,202,171,-1,2,-124,42,-130,-130,285,271,299,282,245,108
3154,23,230,202,150,-8,2,-542,42,-83,-83,285,267,303,283,221,107
3156,16,171,143,130,-7,2,-865,42,26,26,285,273,297,293,235,100
3158,4,61,33,117,-5,2,-993,40,115,115,285,284,286,300,227,88
3160,-11,-83,-55,106,-4,2,-674,36,149,149,285,297,273,275,265,73
3162,-16,-148,-120,9,-35,1,-266,-5,125,125,285,304,266,266,266,68
3164,-26,-231,-203,-57,-24,1,186,-18,110,110,285,306,264,290,290,58
3166,-31,-297,-269,-218,-59,2,530,-42,137,137,285,310,260,262,281,53
3168,-33,-325,-297,-180,14,2,842,-42,137,137,285,315,255,273,302,51
3170,-33,-329,-301,92,100,2,1088,42,172,172,285,322,248,289,295,51
3172,-33,-330,-302,190,36,2,1304,42,143,143,285,322,248,298,300,51
3174,-31,-313,-285,290,36,2,1458,42,104,104,285,322,248,323,295,53
3176,-26,-269,-241,356,24,2,1536,42,64,64,285,314,256,258,286,58
3178,-19,-203,-175,385,11,2,1547,42,19,19,285,306,264,280,299,65
3180,-15,-158,-130,441,21,2,1416,42,-21,-21,285,299,271,268,285,69
3183,-12,-122,-94,86,-62,2,865,13,-40,-40,285,294,276,263,277,72
3185,-8,-87,-59,119,-86,2,489,18,-11,-11,285,291,279,278,281,76
3187,-5,-56,-28,103,-75,2,227,16,2,2,285,289,281,285,273,79
3189,-4,-44,-16,15,-11,0,126,2,-14,-14,286,289,283,286,296,80
3191,-2,-26,0,125,40,2,91,26,12,12,285,287,283,292,288,82
3193,1,4,0,234,40,2,91,42,28,28,285,287,283,281,307,85
3195,6,51,23,364,48,2,190,42,12,12,285,286,284,296,307,90
3197,13,117,89,607,89,2,326,42,-49,-49,285,286,284,280,304,97
3199,16,153,125,138,-172,2,372,1,-127,-127,285,277,293,295,321,100
3201,21,195,167,-66,-75,2,173,-42,-200,-200,285,260,310,294,288,105
3203,31,292,264,276,126,2,-169,42,-193,-193,285,248,322,307,285,115
3205,38,366,338,-106,-140,2,-491,-42,-200,-200,285,248,322,310,264,122
3207,46,445,417,250,131,2,-765,42,-200,-200,285,248,322,303,260,130
3209,50,491,463,721,173,2,-967,42,-200,-200,285,248,322,317,239,134
3211,54,532,504,428,-107,2,-1089,42,-200,-200,285,248,322,301,242,138
3214,58,577,549,326,-388,2,-1217,8,-200,-200,285,248,322,296,234,142
3216,59,588,560,59,-42,2,-1271,9,-200,-200,285,248,322,306,236,143
3218,62,615,587,-27,19,1,-1307,-3,-200,-200,285,248,322,307,233,146
3220,64,630,602,3,-2,0,-1329,0,-200,-200,285,248,322,296,237,148
3222,67,660,632,35,-25,2,-1334,5,-200,-200,285,248,322,306,226,151
3224,72,710,682,483,164,2,-1349,42,-200,-200,285,248,322,291,245,156
3226,72,718,690,381,-37,2,-1418,42,-200,-200,285,248,322,305,233,156
3228,72,720,692,380,0,2,-1475,42,-200,-200,285,248,322,298,239,156
3230,71,712,684,327,-20,2,-1544,42,-200,-200,285,248,322,308,233,155
3232,69,693,665,283,-16,2,-1545,42,-200,-200,285,248,322,306,220,153
3234,64,649,621,248,-13,2,-1566,42,-200,-200,285,248,322,293,219,148
3236,59,599,571,163,-31,2,-1562,42,-200,-200,285,248,322,307,229,143
3238,52,533,505,201,14,2,-1600,42,-200,-200,285,248,322,308,239,136
3240,43,446,418,253,19,2,-1565,42,-200,-200,285,248,322,310,239,127
3242,34,357,329,244,-3,2,-1572,42,-123,-123,285,248,322,305,251,118
3244,23,250,222,89,-57,2,-1537,16,-52,-52,285,248,322,297,218,107
3246,10,124,96,-129,-80,2,-1490,-42,8,8,285,252,318,315,248,94
3248,-7,-39,-11,-203,-27,2,-1215,-42,99,94,285,266,304,301,254,77
3250,-19,-166,-138,-606,-148,2,-645,-42,130,130,285,282,288,284,300,65
3253,-25,-245,-217,-253,183,2,169,-39,149,149,285,302,268,275,310,59
3255,-32,-308,-280,-234,169,2,589,-36,162,162,285,311,259,249,304,52
3257,-36,-352,-324,-261,189,2,878,-40,163,163,285,319,251,266,321,48
3259,-40,-392,-364,-293,212,2,1125,-42,165,165,285,322,248,276,316,44
3261,-41,-407,-379,-303,219,2,1278,-42,144,144,285,322,248,278,306,43
3263,-39,-393,-365,-107,77,2,1398,-17,120,120,285,322,248,258,322,45
3265,-36,-365,-337,329,160,2,1500,42,138,138,285,322,248,284,311,48
3267,-36,-361,-333,18,-114,2,1533,-25,74,74,285,320,250,282,320,48
3269,-32,-330,-302,404,142,2,1578,42,97,97,285,317,253,266,318,52
3271,-29,-296,-268,547,53,2,1631,42,76,76,285,314,256,292,307,55
3273,-25,-257,-229,350,-72,2,1660,42,43,43,285,306,264,286,328,59
3275,-19,-201,-173,217,-49,2,1597,42,4,4,285,300,270,235,313,65
3277,-15,-158,-130,146,-26,2,1346,42,-19,-19,285,295,275,261,306,69
3279,-10,-109,-81,348,74,2,964,42,-19,-19,285,292,278,269,302,74
3282,-3,-35,-7,567,-280,2,497,42,-25,-25,285,289,281,273,292,81
3284,3,20,0,179,-129,2,310,14,-32,-32,285,288,282,284,292,87
3286,9,79,51,155,-112,2,131,24,-22,-22,285,287,283,289,287,93
3288,15,132,104,11,-8,0,53,1,-75,-75,286,282,290,291,280,99
3290,20,183,155,89,-64,2,-16,13,-93,-93,285,276,294,295,297,104
3292,23,218,190,-30,-44,2,-243,-22,-151,-151,285,267,303,291,272,107
3294,26,253,225,620,239,2,-518,42,-109,-109,285,262,308,315,275,110
3296,26,259,231,361,-95,2,-689,42,-79,-79,285,262,308,300,255,110
3298,27,267,239,-197,-205,2,-867,-42,-135,-135,285,258,312,316,257,111
3300,28,278,250,704,331,2,-1059,42,-50,-50,285,263,307,311,253,112
3302,25,254,226,263,-162,2,-1240,42,7,7,285,270,300,313,249,109
3304,23,234,206,440,65,2,-1226,42,42,42,285,274,296,324,311,107
3306,22,222,194,354,-32,2,-632,42,-10,-10,285,277,293,290,310,106
3308,27,262,234,915,206,2,-104,42,-127,-127,285,271,299,281,307,111
3311,40,391,363,623,-415,2,110,42,-200,-200,285,248,322,299,298,124
3313,54,516,488,446,-323,2,-102,42,-200,-200,285,248,322,292,276,138
3315,63,612,584,182,-132,2,-362,28,-200,-200,285,248,322,296,263,147
3317,72,703,675,66,-48,2,-630,10,-200,-200,285,248,322,302,252,156
3319,85,826,798,427,133,2,-851,42,-200,-200,285,248,322,298,241,169
3321,88,871,843,-49,-175,2,-999,-42,-200,-200,285,248,322,303,245,172
3323,94,929,901,262,114,2,-1152,42,-200,-200,285,248,322,288,255,178
3325,95,947,919,148,-42,2,-1276,41,-200,-200,285,248,322,307,223,179
3327,97,966,938,249,37,2,-1367,42,-200,-200,285,248,322,302,271,181
3329,97,969,941,270,8,2,-1464,42,-200,-200,285,248,322,304,227,181
3331,97,970,942,276,3,2,-1501,42,-200,-200,285,248,322,293,353,181
3333,96,962,934,285,3,2,-1560,42,-200,-200,285,248,322,286,233,180
3335,90,910,882,182,-38,2,-1587,42,-200,-200,285,248,322,297,278,174
3338,82,826,798,139,-101,2,-1597,22,-200,-200,285,248,322,293,253,166
3340,72,737,709,47,-34,2,-1538,7,-200,-200,285,248,322,280,237,156
3342,60,635,607,-1,1,0,-1473,0,-200,-200,285,248,322,298,223,144
3344,49,527,499,-20,14,1,-1466,-2,-200,-200,285,248,322,286,287,133
3346,39,425,397,-38,28,2,-1494,-6,-200,-200,285,248,322,298,219,123
3348,30,320,292,-99,-22,2,-1556,-41,-190,-190,285,248,322,294,340,114
3350,19,211,183,-226,-46,2,-1618,-42,-78,-78,285,248,322,300,234,103
3352,6,84,56,-275,-18,2,-1568,-42,40,40,285,248,322,294,284,90
3354,-10,-71,-43,-185,33,2,-1396,-42,118,118,285,263,307,279,248,74
3356,-23,-204,-176,-308,-45,2,-800,-42,178,178,285,281,289,277,276,61
3358,-38,-352,-324,-309,-1,2,-196,-42,200,200,285,299,271,247,280,46
3360,-47,-451,-423,-363,-20,2,424,-42,200,200,285,317,253,242,309,37
3362,-49,-484,-456,-334,10,2,826,-42,200,200,285,322,248,236,302,35
3364,-46,-464,-436,-278,21,2,1209,-42,200,200,285,322,248,249,303,38
3366,-37,-385,-357,-206,26,2,1446,-42,128,128,285,322,248,234,319,47
3368,-27,-288,-260,-149,21,2,1573,-42,50,50,285,322,248,254,312,57
3370,-17,-189,-161,-103,17,2,1623,-32,-45,-45,285,313,257,241,331,67
3372,-5,-72,-44,217,118,2,1402,42,-64,-64,285,305,265,256,310,79
3374,8,56,28,339,44,2,877,42,-75,-75,285,293,277,271,287,92
3376,17,152,124,346,3,2,298,42,-89,-89,285,283,287,301,285,101
3378,19,184,156,355,3,2,-81,42,-85,-85,285,277,293,292,270,103
3380,17,172,144,365,4,2,-390,42,-35,-35,285,279,291,315,280,101
3382,13,137,109,375,4,2,-549,42,27,27,285,281,289,313,271,97
3384,8,89,61,345,-11,2,-556,42,70,70,285,285,285,308,296,92
3386,3,39,11,302,-16,2,-210,42,73,73,285,291,279,292,310,87
3388,23,200,172,115,-69,2,193,22,-96,-96,285,285,285,264,312,107
3391,-32,-287,-259,119,-86,2,-19,18,200,200,285,301,269,218,229,52
3393,-28,-281,-253,106,-77,2,-153,16,200,200,285,318,252,301,200,56
3395,-28,-280,-252,89,-65,2,8,14,200,200,285,322,248,178,139,56
3397,-29,-288,-260,91,-66,2,141,14,200,200,285,322,248,133,191,55
3399,-27,-273,-245,256,61,2,136,42,200,200,285,322,248,79,140,57
3401,-31,-304,-276,431,64,2,203,42,200,200,285,322,248,121,146,53
3403,-32,-317,-289,324,-39,2,196,42,200,200,285,322,248,130,148,52
3405,-32,-320,-292,295,-11,2,188,42,200,200,285,322,248,211,151,52
3407,-27,-278,-250,318,9,2,165,42,200,200,285,322,248,255,175,57
3409,-23,-238,-210,346,10,2,71,42,200,200,285,322,248,186,195,61
3412,-20,-202,-174,342,6,2,-84,42,200,200,285,322,248,229,192,64
3414,-18,-184,-156,188,-136,2,-37,29,186,186,285,322,248,261,178,66
