,-11,-155,-115,-556,-93,2,1393,-30,-128,-128,323,312,334,262,359,83
266,-7,-88,-48,-660,-49,2,994,-30,-148,-148,323,288,358,284,330,87
267,-4,-62,-22,-363,297,2,748,-30,-145,-145,323,280,366,300,333,90
268,-2,-39,0,-533,-170,2,476,-30,-126,-126,323,276,370,309,366,92
269,-4,-40,0,-617,-84,2,235,-30,-95,-95,323,277,369,307,372,90
270,-8,-61,-21,-654,-37,2,12,-30,-56,-56,323,282,364,316,300,86
272,3,11,0,-234,167,2,-331,-30,3,3,323,298,348,317,329,97
273,-1,-1,0,-129,105,2,-481,-17,38,38,323,303,343,319,320,93
274,4,21,0,-71,58,2,-596,-9,70,70,323,315,331,331,271,98
275,-44,-228,-188,-318,-247,2,-608,-30,135,135,323,329,317,322,356,50
276,-53,-391,-351,-449,-131,2,-453,-30,200,200,323,342,304,308,337,41
277,-60,-504,-464,-571,-122,2,-238,-30,200,200,323,355,291,310,318,34
279,-70,-658,-618,-336,275,2,211,-30,200,200,323,377,269,282,348,24
280,-73,-697,-657,-441,-105,2,433,-30,200,200,323,377,269,285,332,21
281,-74,-720,-680,-450,-8,2,641,-30,200,200,323,377,269,290,348,20
282,-75,-736,-696,-486,-36,2,794,-30,200,200,323,377,269,276,358,19
284,-75,-747,-707,-273,224,2,1075,-30,200,200,323,377,269,280,354,19
285,-75,-749,-709,-375,-102,2,1196,-30,200,200,323,377,269,276,365,19
286,-75,-749,-709,-431,-56,2,1312,-30,200,200,323,377,269,282,349,19
287,-74,-744,-704,-462,-31,2,1412,-30,200,200,323,377,269,300,357,20
289,-55,-591,-551,-170,139,2,1600,-22,200,200,323,377,269,279,354,39
290,-66,-628,-588,-93,76,2,1644,-12,189,189,323,377,269,255,365,28
291,-64,-635,-595,-312,-219,2,1683,-30,160,160,323,377,269,287,369,30
292,-59,-611,-571,-361,-48,2,1705,-30,141,141,323,377,269,300,355,35
294,-56,-571,-531,-111,263,2,1732,1,129,129,323,377,269,275,366,38
295,-50,-533,-493,-61,50,2,1736,-8,120,120,323,377,269,284,357,44
296,-47,-499,-459,-295,-233,2,1739,-30,92,92,323,377,269,305,371,47
297,-43,-462,-422,-410,-115,2,1711,-30,68,68,323,377,269,269,349,51
298,-39,-423,-383,-464,-54,2,1704,-30,42,42,323,377,269,275,358,55
300,-33,-350,-310,-279,228,2,1697,-30,-13,-13,323,356,290,327,348,61
301,-30,-323,-283,-419,-140,2,1695,-30,-38,-38,323,349,297,292,363,64
302,-26,-289,-249,-509,-91,2,1645,-30,-59,-59,323,337,309,270,371,68
303,-23,-257,-217,-577,-68,2,1487,-30,-71,-71,323,327,319,286,342,71
305,-22,-228,-188,-365,299,2,954,-30,-54,-54,323,320,326,308,337,72
306,-23,-229,-189,-525,-160,2,623,-30,-22,-22,323,321,325,321,306,71
307,-26,-246,-206,-604,-79,2,342,-30,25,25,323,321,325,317,315,68
308,-31,-280,-240,-634,-30,2,107,-30,86,86,323,331,315,324,320,63
310,-3,-83,-43,-179,179,2,-216,-20,50,50,323,334,312,339,315,91
311,-46,-287,-247,-98,80,2,-146,-13,131,131,323,347,299,318,337,48
312,-52,-413,-373,-329,-230,2,-29,-30,200,200,323,360,286,321,327,42
313,-57,-498,-458,-433,-104,2,104,-30,200,200,323,374,272,313,338,37
314,-66,-585,-545,-575,-143,2,299,-30,200,200,323,377,269,308,353,28
316,-8,-187,-147,-174,142,2,613,-23,96,99,323,377,269,329,352,86
317,-72,-475,-435,-96,78,2,727,-13,169,169,323,377,269,285,361,22
318,-63,-559,-519,78,174,2,856,30,200,200,323,377,269,300,344,31
319,-81,-694,-654,-196,-274,2,971,-30,200,200,323,377,269,319,360,13
320,-85,-778,-738,-310,-114,2,1043,-30,200,200,323,377,269,313,364,9
322,-33,-425,-385,-94,77,2,1203,-12,196,196,323,377,269,313,358,61
323,-86,-660,-620,-52,42,2,1250,-7,200,200,323,377,269,316,367,8
324,-72,-692,-652,125,176,2,1282,30,200,200,323,377,269,283,346,22
325,-90,-804,-764,-66,-191,2,1301,-30,200,200,323,377,269,299,353,4
326,-91,-861,-821,-158,-92,2,1344,-30,200,200,323,377,269,310,368,3
328,-56,-636,-596,327,346,2,1366,30,200,200,323,377,269,316,354,38
329,-91,-784,-744,180,-147,2,1383,24,200,200,323,377,269,310,363,3
330,-92,-857,-817,36,-144,2,1373,-6,200,200,323,377,269,285,341,2
331,-93,-897,-857,-34,-70,2,1342,-14,200,200,323,377,269,273,350,1
332,-93,-915,-875,-59,-25,2,1377,-15,200,200,323,377,269,325,357,1
334,-75,-785,-745,59,-48,2,1468,8,200,200,323,377,269,351,354,19
335,-93,-863,-823,32,-26,1,1499,3,200,200,323,377,269,390,361,1
336,-93,-899,-859,18,-15,1,1559,2,200,200,323,377,269,357,333,1
337,-93,-913,-873,10,-8,1,1614,1,200,200,323,377,269,359,358,1
338,-93,-921,-881,1,-9,0,1704,0,200,200,323,377,269,376,352,1
339,-93,-925,-885,-9,-9,0,1770,-1,200,200,323,377,269,345,338,1
341,-93,-928,-888,-10,8,0,1890,-1,200,200,323,377,269,390,346,1
342,-93,-929,-889,-6,5,0,1936,0,200,200,323,377,269,391,328,1
343,-93,-930,-890,-39,-34,2,1957,-9,200,200,323,377,269,320,339,1
344,-93,-930,-890,-62,-23,2,1971,-13,200,200,323,377,269,306,339,1
345,-90,-914,-874,276,338,2,1979,30,200,200,323,377,269,339,321,4
347,-88,-887,-847,222,-182,2,2012,29,200,200,323,377,269,328,349,6
348,-86,-872,-832,122,-100,2,1984,16,200,200,323,377,269,305,318,8
349,-84,-855,-815,324,202,2,1944,30,200,200,323,377,269,298,327,10
350,-77,-809,-769,448,124,2,1939,30,200,200,323,377,269,306,332,17
352,-74,-755,-715,274,-224,2,1886,30,200,200,323,377,269,339,316,20
353,-69,-720,-680,151,-123,2,1845,20,200,200,323,377,269,345,327,25
354,-63,-671,-631,357,207,2,1839,30,200,200,323,377,269,339,308,31
355,-54,-600,-560,431,73,2,1829,30,200,200,323,377,269,320,318,40
357,-41,-450,-410,259,-212,2,1798,30,152,152,323,377,269,289,310,53
358,-33,-385,-345,363,104,2,1790,30,105,105,323,377,269,313,315,61
359,-27,-323,-283,375,12,2,1794,30,57,57,323,377,269,341,320,67
360,-13,-219,-179,418,43,2,1772,30,-12,-12,323,377,269,326,321,81
362,-5,-86,-46,233,-190,2,1763,30,-133,-133,323,377,269,361,320,89
363,3,-23,0,308,75,2,1675,30,-175,-171,323,363,283,305,324,97
364,19,92,52,358,50,2,1433,30,-182,-182,323,349,297,243,297,113
366,36,303,263,200,-164,2,841,26,-200,-200,323,321,325,285,297,130
367,43,372,332,272,72,2,507,30,-200,-200,323,307,339,292,266,137
368,46,419,379,312,40,2,229,30,-200,-200,323,293,353,281,269,140
370,49,475,435,98,-244,2,-179,-2,-200,-200,323,269,377,300,272,143
371,49,483,443,54,-44,2,-380,7,-200,-200,323,269,377,302,247,143
372,50,492,452,205,151,2,-547,30,-200,-200,323,269,377,292,304,144
373,50,496,456,279,74,2,-667,30,-200,-200,323,269,377,299,335,144
375,50,499,459,181,-148,2,-862,24,-196,-196,323,269,377,293,241,144
376,49,494,454,284,103,2,-914,30,-177,-177,323,269,377,314,277,143
377,49,492,452,314,30,2,-978,30,-161,-161,323,269,377,309,337,143
379,49,490,450,138,-228,2,-1098,7,-148,-148,323,269,377,307,234,143
380,48,485,445,76,-62,2,-1139,10,-141,-141,323,269,377,309,318,142
381,48,482,442,271,195,2,-1142,30,-125,-125,323,269,377,309,341,142
382,46,470,430,356,85,2,-1162,30,-111,-111,323,269,377,305,246,140
384,46,462,422,177,-226,2,-1201,15,-99,-99,323,269,377,318,319,140
385,45,456,416,97,-79,2,-1187,13,-100,-100,323,269,377,304,308,139
386,46,458,418,292,195,2,-1195,30,-91,-91,323,269,377,318,234,140
387,45,454,414,377,85,2,-1214,30,-83,-83,323,272,374,320,279,139
389,44,443,403,199,-220,2,-1240,21,-74,-74,323,279,367,322,276,138
390,44,441,401,109,-89,2,-1261,14,-74,-74,323,281,365,333,260,138
391,44,441,401,290,180,2,-1238,30,-68,-68,323,284,362,327,279,138
392,44,440,400,371,81,2,-1212,30,-67,-67,323,286,360,327,309,138
394,45,448,408,231,-189,2,-1100,30,-84,-84,323,287,359,328,281,139
395,46,454,414,127,-104,2,-1039,17,-104,-104,323,284,362,330,317,140
396,46,457,417,295,168,2,-979,30,-113,-113,323,281,365,338,289,140
397,51,486,446,383,88,2,-945,30,-136,-136,323,276,370,344,296,145
398,53,510,470,426,44,2,-912,30,-162,-162,323,269,377,340,315,147
400,56,549,509,238,-195,2,-901,30,-200,-200,323,269,377,346,297,150
401,55,550,510,131,-107,2,-899,17,-200,-200,323,269,377,337,304,149
402,61,582,542,243,112,2,-940,30,-200,-200,323,269,377,348,372,155
403,68,635,595,300,57,2,-947,30,-200,-200,323,269,377,346,305,162
404,71,676,636,332,31,2,-988,30,-200,-200,323,269,377,343,303,165
406,73,718,678,187,-153,2,-1040,24,-200,-200,323,269,377,341,356,167
407,75,735,695,103,-84,2,-1066,13,-200,-200,323,269,377,341,310,169
408,82,781,741,264,161,2,-1075,30,-200,-200,323,269,377,341,305,176
409,81,797,757,257,-6,2,-1068,30,-200,-200,323,269,377,336,337,175
410,86,831,791,290,33,2,-1054,30,-200,-200,323,269,377,333,346,180
412,87,862,822,162,-133,2,-1069,21,-200,-200,323,269,377,335,295,181
413,88,872,832,89,-73,2,-1057,12,-200,-200,323,269,377,327,357,182
414,89,882,842,144,54,2,-1059,30,-200,-200,323,269,377,337,307,183
415,90,892,852,137,-6,2,-1088,28,-200,-200,323,269,377,328,303,184
416,90,896,856,112,-26,2,-1073,21,-200,-200,323,269,377,326,357,184
418,90,899,859,41,-34,2,-1133,5,-200,-200,323,269,377,337,326,184
419,90,900,860,23,-19,1,-1142,2,-200,-200,323,269,377,319,342,184
420,90,900,860,12,-10,1,-1148,1,-200,-200,323,269,377,328,415,184
421,90,900,860,7,-6,0,-1181,1,-200,-200,323,269,377,326,306,184
422,91,904,864,4,-3,0,-1215,0,-200,-200,323,269,377,314,302,185
423,91,907,867,2,-2,0,-1201,0,-200,-200,323,269,377,319,413,185
425,91,909,869,1,-1,0,-1241,0,-200,-200,323,269,377,311,298,185
426,91,909,869,0,0,0,-1281,0,-200,-200,323,269,377,321,303,185
427,91,910,870,0,0,0,-1318,0,-200,-200,323,269,377,325,406,185
428,91,910,870,0,0,0,-1274,0,-200,-200,323,269,377,307,313,185
429,91,910,870,0,0,0,-1285,0,-200,-200,323,269,377,311,276,185
430,91,910,870,-9,-9,1,-1267,-1,-200,-200,323,269,377,311,322,185
431,91,910,870,-5,4,0,-1248,0,-200,-200,323,269,377,310,372,185
432,91,910,870,-3,2,0,-1238,0,-200,-200,323,269,377,308,273,185
434,91,910,870,-415,-413,2,-1248,-30,-200,-200,323,269,377,312,383,185
435,91,910,870,-228,187,2,-1248,-27,-200,-200,323,269,377,302,376,185
436,15,500,460,-125,103,2,-1284,-16,-200,-200,323,269,377,312,298,109
437,87,700,660,-483,-358,2,-1313,-30,-200,-200,323,269,377,311,350,181
438,89,802,762,-374,109,2,-1359,-30,-200,-200,323,269,377,295,447,183
439,89,850,810,-336,38,2,-1411,-30,-200,-200,323,269,377,307,372,183
440,89,871,831,-293,43,2,-1427,-30,-200,-200,323,269,377,302,389,183
442,88,878,838,-197,162,2,-1376,-26,-200,-200,323,269,377,281,339,182
443,86,868,828,-109,89,2,-1437,-14,-200,-200,323,269,377,299,211,180
444,84,853,813,-307,-199,2,-1503,-30,-200,-200,323,269,377,298,326,178
445,78,814,774,-371,-64,2,-1537,-30,-200,-200,323,269,377,280,488,172
446,70,752,712,-411,-40,2,-1537,-30,-200,-200,323,269,377,292,450,164
447,60,670,630,-496,-85,2,-1574,-30,-200,-200,323,269,377,299,321,154
449,45,497,457,-266,218,2,-1627,-30,-200,-200,323,269,377,285,290,139
450,36,423,383,-147,120,2,-1618,-19,-158,-158,323,269,377,296,375,130
451,25,329,289,-301,-155,2,-1571,-30,-99,-99,323,269,377,297,404,119
452,18,249,209,-332,-31,2,-1495,-30,-42,-42,323,269,377,271,326,112
453,12,179,139,-399,-67,2,-1490,-30,17,17,323,269,377,289,216,106
455,1,46,6,-257,210,2,-1416,-30,130,115,323,281,365,292,382,95
456,-10,-33,0,-195,62,2,-1323,-30,152,152,323,294,352,290,284,84
457,-17,-107,-67,-278,-83,2,-1058,-30,152,152,323,307,339,286,259,77
458,-25,-184,-144,-306,-28,2,-759,-30,164,164,323,321,325,279,279,69
459,-31,-252,-212,-353,-47,2,-433,-30,178,178,323,334,312,272,299,63
460,2,-105,-65,116,469,2,-69,30,127,127,323,347,299,254,312,96
462,-34,-290,-250,-113,93,2,486,-15,109,109,323,374,272,297,318,60
463,-33,-312,-272,-166,-53,2,675,-30,96,96,323,377,269,237,332,61
464,-32,-316,-276,-136,30,2,914,-25,73,73,323,374,272,283,322,62
465,-29,-302,-262,-129,7,2,1051,-26,32,32,323,363,283,287,331,65
467,-23,-245,-205,-51,42,2,1329,-7,-53,-53,323,347,299,255,334,71
468,-16,-199,-159,-28,23,1,1454,-3,-81,-81,323,335,311,287,350,78
469,-11,-151,-111,11,40,1,1460,4,-101,-101,323,324,322,259,360,83
470,-4,-101,-61,42,31,1,1260,8,-112,-112,323,314,332,280,328,90
472,3,2,0,33,-27,1,740,3,-114,-114,323,301,345,312,334,97
473,8,44,4,18,-15,0,521,1,-102,-102,324,299,349,314,322,102
474,7,56,16,28,10,0,299,3,-85,-85,323,298,348,307,313,101
475,7,62,22,74,46,2,50,15,-49,-49,323,303,343,328,313,101
476,6,61,21,234,160,2,-141,30,-2,-7,323,308,338,332,295,100
477,3,44,4,196,-38,2,-304,30,42,42,323,311,335,320,321,97
479,-1,1,0,233,-158,2,-587,30,109,109,323,335,311,365,317,93
480,-5,-26,0,128,-105,2,-569,17,115,115,323,345,301,338,402,89
481,-9,-61,-21,71,-58,2,-423,9,104,104,323,352,294,320,325,85
482,-13,-98,-58,286,216,2,-147,30,97,97,323,357,289,314,332,81
483,-16,-132,-92,351,65,2,59,30,91,91,323,359,287,296,338,78
484,-17,-152,-112,526,175,2,261,30,80,80,323,360,286,330,346,77
486,-17,-166,-126,283,-231,2,740,30,23,23,323,350,296,311,348,77
487,-14,-152,-112,156,-127,2,916,20,-23,-23,323,344,302,320,369,80
488,-8,-113,-73,86,-70,2,1022,11,-73,-73,323,332,314,278,347,86
489,-3,-68,-28,205,119,2,1174,30,-106,-106,323,320,326,280,368,91
490,6,1,0,351,146,2,1169,30,-127,-127,323,307,339,287,374,100
491,20,108,68,364,13,2,1055,30,-145,-145,323,295,351,300,344,114
492,38,255,215,358,-6,2,809,30,-196,-196,323,281,365,322,353,132
494,48,432,392,202,-165,2,384,26,-200,-200,323,269,377,317,338,142
495,49,464,424,111,-91,2,190,15,-200,-200,323,269,377,330,316,143
496,51,489,449,214,103,2,-36,30,-200,-200,323,269,377,330,335,145
497,52,506,466,275,61,2,-195,30,-200,-200,323,269,377,327,308,146
498,53,519,479,349,74,2,-318,30,-200,-200,323,269,377,335,347,147
500,56,551,511,195,-159,2,-516,25,-200,-200,323,269,377,328,309,150
501,57,561,521,107,-88,2,-596,14,-200,-200,323,269,377,337,341,151
502,59,577,537,216,109,2,-678,30,-200,-200,323,269,377,336,360,153
503,60,589,549,268,51,2,-743,30,-200,-200,323,269,377,322,328,154
504,61,600,560,282,15,2,-820,30,-200,-200,323,269,377,335,334,155
506,66,647,607,231,-189,2,-924,30,-200,-200,323,269,377,315,405,160
507,67,660,620,127,-104,2,-947,17,-200,-200,323,269,377,325,340,161
508,67,665,625,331,204,2,-981,30,-200,-200,323,269,377,333,307,161
509,67,668,628,443,112,2,-1009,30,-200,-200,323,269,377,315,323,161
510,69,680,640,496,53,2,-1024,30,-200,-200,323,269,377,326,367,163
512,70,696,656,289,-236,2,-1078,30,-200,-200,323,269,377,312,321,164
513,72,709,669,402,113,2,-1081,30,-200,-200,323,269,377,315,363,166
514,72,715,675,459,58,2,-1094,30,-200,-200,323,269,377,322,377,166
515,73,723,683,491,32,2,-1116,30,-200,-200,323,269,377,316,294,167
517,74,736,696,86,-414,2,-1099,-21,-200,-200,323,269,377,315,327,168
518,75,744,704,47,-39,2,-1127,6,-200,-200,323,269,377,322,328,169
519,75,747,707,246,199,2,-1140,30,-200,-200,323,269,377,313,314,169
520,76,754,714,352,105,2,-1149,30,-200,-200,323,269,377,312,377,170
522,77,767,727,223,-182,2,-1209,29,-200,-200,323,269,377,306,387,171
523,78,774,734,122,-100,2,-1222,16,-200,-200,323,269,377,315,357,172
524,78,777,737,-140,-262,2,-1238,-30,-200,-200,323,269,377,317,354,172
525,78,779,739,49,189,2,-1251,28,-200,-200,323,269,377,298,370,172
526,77,774,734,135,86,2,-1273,30,-200,-200,323,269,377,314,363,171
527,76,766,726,151,16,2,-1288,30,-200,-200,323,269,377,311,335,170
528,75,758,718,186,36,2,-1318,30,-200,-200,323,269,377,298,399,169
530,73,736,696,98,-81,2,-1377,13,-200,-200,323,269,377,310,353,167
531,69,711,671,54,-44,2,-1399,7,-200,-200,323,269,377,308,400,163
532,63,667,627,70,16,2,-1361,16,-200,-200,323,269,377,289,378,157
533,50,577,537,237,166,2,-1374,30,-200,-200,323,269,377,305,373,144
534,33,444,404,72,-165,2,-1352,-1,-181,-181,323,269,377,307,316,127
535,33,382,342,102,31,2,-1349,24,-118,-118,323,269,377,287,335,127
536,29,332,292,115,12,2,-1343,25,-68,-68,323,269,377,293,404,123
538,25,271,231,-102,-129,2,-1339,-30,-31,-31,323,269,377,299,318,119
539,20,233,193,-56,46,2,-1347,-7,6,6,323,276,370,292,348,114
540,15,188,148,-80,-24,2,-1314,-19,33,33,323,290,356,301,353,109
541,33,265,225,181,261,2,-1172,30,51,51,323,298,348,302,349,127
542,1,127,87,77,-104,2,-936,6,64,64,323,310,336,279,286,95
544,-3,3,0,23,-19,1,-333,2,67,67,323,327,319,277,300,91
545,-5,-21,0,13,-10,0,-15,1,46,47,324,327,321,274,318,89
546,11,38,0,106,93,2,285,25,17,17,323,326,320,257,338,105
547,-14,-58,-18,-72,-178,2,580,-29,-48,-48,323,325,321,271,335,80
548,3,-11,0,28,100,2,800,14,-88,-88,323,316,330,263,345,97
549,8,30,0,110,82,2,973,30,-116,-116,323,306,340,262,359,102
550,14,90,50,168,59,2,1014,30,-142,-142,323,294,352,262,345,108
551,20,149,109,246,77,2,918,30,-162,-162,323,282,364,289,341,114
553,25,229,189,161,-132,2,552,21,-190,-190,323,269,377,303,318,119
554,29,262,222,89,-72,2,340,12,-199,-199,323,269,377,319,337,123
555,33,299,259,215,127,2,155,30,-196,-196,323,269,377,325,350,127
556,33,316,276,267,52,2,-14,30,-188,-188,323,269,377,324,313,127
557,33,323,283,282,15,2,-151,30,-176,-176,323,269,377,320,323,127
558,32,322,282,285,4,2,-271,30,-158,-158,323,269,377,330,349,126
560,31,312,272,291,-1,2,-456,30,-117,-117,323,269,377,320,348,125
561,30,306,266,160,-131,2,-539,21,-103,-103,323,269,377,335,370,124
562,27,286,246,88,-72,2,-604,12,-87,-87,323,269,377,333,308,121
563,24,261,221,165,77,2,-639,30,-57,-57,323,269,377,321,317,118
564,20,228,188,217,52,2,-697,30,-26,-26,323,280,366,336,352,114
565,17,197,157,245,28,2,-749,30,5,5,323,289,357,339,338,111
566,14,166,126,274,29,2,-772,30,33,33,323,297,349,319,315,108
567,10,130,90,290,16,2,-802,30,63,63,323,309,337,337,360,104
568,6,92,52,299,9,2,-728,30,87,87,323,322,324,342,318,100
569,3,59,19,313,14,2,-533,30,99,99,323,333,313,317,317,97
571,0,12,0,176,-144,2,-77,23,61,61,323,344,302,318,360,94
572,-2,-5,0,97,-79,2,152,13,21,21,323,339,307,295,340,92
573,-1,-8,0,211,114,2,415,30,-13,-13,323,336,310,295,362,93
574,1,2,0,278,67,2,651,30,-51,-51,323,333,313,290,372,95
575,5,28,0,324,46,2,851,30,-88,-88,323,322,324,288,371,99
576,10,67,27,358,34,2,969,30,-123,-123,323,309,337,279,383,104
577,15,112,72,381,23,2,921,30,-143,-143,323,297,349,305,362,109
578,21,165,125,381,-1,2,804,30,-160,-160,323,284,362,315,365,115
579,26,216,176,367,-14,2,627,30,-175,-175,323,272,374,312,357,120
580,29,256,216,350,-17,2,384,30,-182,-182,323,269,377,335,325,123
582,30,291,251,188,-154,2,11,25,-176,-176,323,269,377,325,392,124
583,30,296,256,103,-84,2,-175,13,-166,-166,323,269,377,345,326,124
584,30,298,258,57,-46,2,-348,7,-149,-149,323,269,377,352,327,124
585,26,277,237,184,127,2,-460,30,-107,-107,323,269,377,328,389,120
586,24,257,217,245,61,2,-562,30,-69,-69,323,269,377,346,373,118
587,22,237,197,423,178,2,-680,30,-32,-32,323,274,372,349,323,116
588,18,206,166,386,-37,2,-740,30,1,1,323,285,361,324,368,112
589,15,176,136,361,-25,2,-806,30,32,32,323,293,353,337,397,109
591,11,124,84,367,11,2,-829,30,84,84,323,320,326,330,334,105
592,5,84,44,202,-165,2,-635,26,92,92,323,331,315,331,313,99
593,11,98,58,111,-91,2,-381,15,66,66,323,336,310,325,335,105
594,-4,24,0,232,121,2,-135,30,59,59,323,340,306,309,357,90
595,-6,-22,0,294,62,2,132,30,33,33,323,336,310,297,347,88
596,-5,-37,0,324,30,2,395,30,-4,-4,323,333,313,297,359,89
597,-2,-28,0,354,30,2,646,30,-47,-47,323,331,315,291,376,92
599,1,2,0,170,-205,2,1037,16,-131,-131,323,307,339,283,382,95
600,13,71,31,93,-76,2,993,12,-156,-156,323,293,353,302,374,107
601,25,168,128,51,-42,2,819,7,-179,-179,323,279,367,308,356,119
602,37,277,237,181,130,2,636,30,-200,-200,323,269,377,322,358,131
603,51,403,363,253,71,2,469,30,-200,-200,323,269,377,324,346,145
605,55,516,476,332,31,2,84,30,-200,-200,323,269,377,334,332,149
606,55,535,495,183,-149,2,-49,24,-200,-200,323,269,377,345,328,149
607,58,559,519,100,-82,2,-151,13,-200,-200,323,269,377,324,349,152
608,60,581,541,226,126,2,-263,30,-200,-200,323,269,377,335,358,154
609,63,608,568,376,150,2,-401,30,-200,-200,323,269,377,345,316,157
611,64,633,593,30,-344,2,-552,-26,-200,-200,323,269,377,323,439,158
612,67,653,613,16,-13,1,-629,2,-200,-200,323,269,377,341,333,161
613,67,661,621,243,227,2,-719,30,-200,-200,323,269,377,338,336,161
614,68,671,631,363,120,2,-750,30,-200,-200,323,269,377,319,437,162
615,70,687,647,420,57,2,-763,30,-200,-200,323,269,377,331,356,164
617,69,689,649,169,-138,2,-880,22,-200,-200,323,269,377,317,377,163
618,70,695,655,80,-90,2,-881,8,-200,-200,323,269,377,322,437,164
619,71,703,663,-1,-81,2,-910,-8,-200,-200,323,269,377,327,388,165
621,71,708,668,-30,25,1,-953,-3,-200,-200,323,269,377,314,358,165
622,72,715,675,-107,-76,2,-951,-26,-200,-200,323,269,377,319,422,166
623,72,718,678,-216,-110,2,-980,-30,-200,-200,323,269,377,301,316,166
625,72,719,679,-393,-71,2,-992,-30,-200,-200,323,269,377,306,412,166
626,72,720,680,-216,177,2,-1014,-28,-200,-200,323,269,377,308,386,166
627,72,720,680,-393,-177,2,-1048,-30,-200,-200,323,269,377,305,310,166
629,72,720,680,-245,201,2,-1042,-30,-200,-200,323,269,377,303,404,166
630,72,720,680,-315,-70,2,-1050,-30,-200,-200,323,269,377,291,350,166
631,72,720,680,-376,-61,2,-1071,-30,-200,-200,323,269,377,299,305,166
633,71,712,672,-270,221,2,-1071,-30,-200,-200,323,269,377,285,421,165
634,69,700,660,-148,121,2,-1092,-19,-200,-200,323,269,377,293,351,163
635,67,684,644,-424,-275,2,-1128,-30,-200,-200,323,269,377,302,282,161
637,65,657,617,-720,-123,2,-1135,-30,-200,-200,323,269,377,282,452,159
638,60,626,586,-396,324,2,-1156,-30,-200,-200,323,269,377,296,356,154
639,55,585,545,-614,-218,2,-1203,-30,-200,-200,323,269,377,291,336,149
640,50,539,499,-747,-133,2,-1219,-30,-200,-200,323,269,377,278,423,144
642,25,311,271,-397,325,2,-1255,-30,-132,-132,323,269,377,289,337,119
643,30,305,265,-668,-271,2,-1282,-30,-96,-96,323,269,377,291,314,124
644,25,275,235,-786,-118,2,-1271,-30,-64,-64,323,269,377,270,381,119
646,15,177,137,-525,429,2,-1298,-30,18,18,323,272,374,288,323,109
647,3,97,57,-775,-250,2,-1344,-30,69,69,323,285,361,283,315,97
648,-5,18,0,-926,-151,2,-1285,-30,117,108,323,298,348,273,398,89
650,-17,-130,-90,-535,438,2,-830,-30,137,137,323,325,321,274,276,77
651,-33,-238,-198,-294,241,2,-519,-30,165,165,323,338,308,254,283,61
652,-39,-320,-280,-576,-282,2,-197,-30,192,192,323,352,294,242,285,55
653,-42,-374,-334,-717,-141,2,117,-30,200,200,323,365,281,244,299,52
655,-42,-410,-370,-432,354,2,653,-30,181,181,323,377,269,241,308,52
656,-43,-421,-381,-620,-188,2,881,-30,157,157,323,377,269,226,326,51
658,-43,-428,-388,-803,-71,2,1279,-30,89,89,323,377,269,243,327,51
659,-41,-418,-378,-442,362,2,1422,-30,47,47,323,377,269,285,330,53
660,-40,-408,-368,-653,-211,2,1520,-30,15,15,323,373,273,259,346,54
661,-36,-382,-342,-755,-102,2,1621,-30,-19,-19,323,360,286,235,341,58
663,-33,-341,-301,-342,280,2,1712,-30,-63,-63,323,339,307,271,359,61
664,-31,-324,-284,-373,-31,2,1555,-30,-65,-65,323,329,317,245,337,63
665,-26,-290,-250,-344,28,2,1295,-30,-50,-50,323,328,318,276,312,68
667,-19,-211,-171,-166,136,2,803,-22,-28,-28,323,326,320,288,319,75
668,-21,-210,-170,-186,-20,2,496,-30,-4,-4,323,325,321,301,295,73
669,-24,-226,-186,-174,12,2,229,-30,35,35,323,325,321,322,306,70
671,-42,-379,-339,-100,82,2,-68,-13,196,196,323,351,295,311,312,52
672,-48,-434,-394,-55,45,2,-104,-7,200,200,323,365,281,322,311,46
673,-53,-486,-446,-107,-52,2,-22,-27,200,200,323,377,269,313,336,41
674,2,-213,-173,4,111,2,129,11,200,200,323,377,269,292,330,96
675,-64,-405,-365,-2,-6,0,265,-1,199,199,323,377,269,309,339,30
677,-71,-633,-593,-58,47,2,556,-7,200,200,323,377,269,292,338,23
678,-73,-685,-645,49,107,2,722,20,200,200,323,377,269,275,353,21
679,-76,-726,-686,18,-31,1,817,1,200,200,323,377,269,289,353,18
680,-31,-539,-499,190,172,2,981,30,200,200,323,377,269,291,346,63
682,-74,-697,-657,169,-138,2,1234,22,200,200,323,377,269,327,375,20
683,-74,-720,-680,327,158,2,1323,30,200,200,323,377,269,323,347,20
684,-70,-709,-669,459,132,2,1382,30,200,200,323,377,269,269,371,24
686,-66,-670,-630,230,-188,2,1518,30,200,200,323,377,269,280,345,28
687,-59,-627,-587,127,-104,2,1632,17,200,200,323,377,269,287,370,35
688,-50,-558,-518,254,127,2,1637,30,200,200,323,377,269,276,363,44
689,-38,-462,-422,203,-51,2,1711,30,175,175,323,377,269,315,352,56
690,-27,-358,-318,341,138,2,1733,30,108,108,323,377,269,282,366,67
692,-19,-226,-186,222,-182,2,1804,29,-22,-22,323,377,269,272,350,75
693,-11,-163,-123,167,-55,2,1833,29,-77,-77,323,377,269,309,370,83
694,0,-75,-35,123,-44,2,1816,21,-143,-128,323,377,269,277,347,94
695,12,30,0,-13,-137,2,1775,-15,-200,-166,323,366,280,271,358,106
697,22,163,123,-4,3,0,1203,0,-200,-200,323,343,303,292,316,116
698,32,233,193,-2,2,0,874,0,-200,-200,323,333,313,299,312,126
699,41,313,273,-87,-85,2,574,-20,-200,-200,323,321,325,297,311,135
700,44,382,342,-174,-87,2,297,-30,-200,-200,323,307,339,312,293,138
701,44,413,373,-199,-25,2,66,-30,-200,-200,323,294,352,318,281,138
703,43,426,386,-181,148,2,-294,-24,-200,-200,323,269,377,316,309,137
704,40,412,372,-100,82,2,-432,-13,-200,-200,323,269,377,319,271,134
705,35,379,339,-262,-162,2,-552,-30,-200,-200,323,269,377,301,330,129
706,19,277,237,-387,-125,2,-643,-30,-170,-170,323,269,377,312,360,113
707,11,187,147,-330,57,2,-749,-30,-99,-99,323,269,377,321,295,105
709,2,55,15,-251,205,2,-859,-30,38,38,323,269,377,303,356,96
710,0,25,0,-138,113,2,-914,-18,83,76,323,274,372,318,361,94
711,-4,-10,0,-323,-185,2,-969,-30,107,107,323,287,359,322,256,90
712,-4,-26,0,-223,101,2,-952,-30,115,115,323,301,345,305,310,90
713,-5,-39,0,-244,-21,2,-788,-30,109,109,323,314,332,308,346,89
715,-5,-48,-8,-175,143,2,-327,-23,60,60,323,341,305,290,318,89
716,-3,-38,0,-96,79,2,-103,-13,31,31,323,341,305,294,328,91
717,-4,-39,0,-179,-83,2,176,-30,-20,-20,323,337,309,282,323,90
718,-4,-40,0,-206,-27,2,436,-30,-67,-67,323,327,319,273,339,90
720,-2,-24,0,-117,96,2,794,-15,-135,-135,323,302,344,272,336,92
721,-2,-22,0,-64,53,2,776,-8,-141,-141,323,292,354,290,344,92
722,6,22,0,-134,-70,2,617,-30,-140,-140,323,284,362,304,362,100
723,3,26,0,-159,-25,2,460,-30,-125,-125,323,279,367,305,314,97
724,2,23,0,-196,-36,2,257,-30,-99,-99,323,279,367,322,317,96
726,13,107,67,-126,103,2,-124,-16,-59,-59,323,284,362,316,313,107
727,18,147,107,-69,57,2,-284,-9,-49,-49,323,293,353,330,294,112
728,23,192,152,-137,-68,2,-456,-30,-63,-63,323,293,353,328,333,117
729,25,223,183,-422,-285,2,-580,-30,-74,-74,323,293,353,322,301,119
730,23,227,187,-574,-152,2,-689,-30,-68,-68,323,293,353,341,287,117
732,18,190,150,-362,296,2,-706,-30,-27,-27,323,305,341,327,325,112
733,13,158,118,-199,163,2,-675,-26,-9,-9,323,309,337,339,307,107
734,4,94,54,-388,-189,2,-688,-30,17,17,323,312,334,349,310,98
735,0,43,3,-524,-136,2,-666,-30,47,47,323,314,332,331,338,94
736,-5,-7,0,-585,-61,2,-576,-30,56,56,323,322,324,341,313,89
738,-11,-88,-48,-390,238,2,-246,-30,41,41,323,323,323,323,360,83
739,-15,-122,-82,-215,176,2,-12,-28,34,34,323,323,323,321,358,79
740,-28,-207,-167,-415,-200,2,207,-30,50,50,323,323,323,316,363,66
741,-32,-268,-228,-512,-97,2,423,-30,71,71,323,331,315,296,374,62
742,-32,-296,-256,-560,-49,2,611,-30,78,78,323,337,309,307,365,62
744,-33,-323,-283,-323,264,2,902,-30,64,64,323,345,301,299,379,61
745,-34,-332,-292,-178,145,2,1046,-23,50,50,323,340,306,292,380,60
746,-34,-336,-296,-368,-190,2,1148,-30,28,28,323,336,310,295,386,60
747,-35,-344,-304,-463,-96,2,1259,-30,8,8,323,333,313,297,377,59
749,-35,-349,-309,-522,-15,2,1375,-30,-23,-23,323,329,317,296,395,59
750,-35,-349,-309,-287,235,2,1389,-30,-30,-30,323,328,318,298,377,59
751,-35,-350,-310,-477,-190,2,1278,-30,-22,-22,323,327,319,302,379,59
752,-36,-355,-315,-560,-82,2,1073,-30,3,3,323,326,320,312,367,58
753,-39,-374,-334,-600,-41,2,882,-30,42,42,323,325,321,328,347,55
755,-42,-410,-370,-342,280,2,559,-30,130,130,323,348,298,322,353,52
756,-46,-437,-397,-188,154,2,443,-25,176,176,323,361,285,338,339,48
757,11,-142,-102,-104,85,2,450,-14,79,88,323,366,280,327,366,105
758,-56,-368,-328,-304,-201,2,491,-30,116,116,323,370,276,314,357,38
759,-50,-439,-399,-28,277,2,542,20,192,192,323,377,269,321,355,44
760,-73,-570,-530,-317,-289,2,665,-30,200,200,323,377,269,315,370,21
762,-57,-570,-530,-19,16,1,904,-2,200,200,323,377,269,337,366,37
763,-22,-412,-372,-11,9,0,960,-1,200,200,323,377,269,313,371,72
764,-21,-321,-281,80,90,2,1044,21,150,150,323,377,269,282,352,73
765,-85,-607,-567,-127,-207,2,1104,-30,199,199,323,377,269,297,360,9
766,-90,-765,-725,-218,-91,2,1153,-30,200,200,323,377,269,315,369,4
767,-63,-692,-652,55,274,2,1200,30,200,200,323,377,269,292,345,31
768,-91,-810,-770,-69,-124,2,1242,-26,200,200,323,377,269,289,357,3
769,-62,-707,-667,-38,31,1,1266,-4,200,200,323,377,269,295,364,32
771,-65,-664,-624,308,329,2,1305,30,200,200,323,377,269,273,352,29
772,-71,-689,-649,169,-139,2,1348,21,200,200,323,377,269,311,357,23
773,-92,-814,-774,93,-76,2,1375,12,200,200,323,377,269,324,346,2
774,-93,-877,-837,51,-42,2,1426,7,200,200,323,377,269,312,356,1
775,-93,-905,-865,28,-23,1,1474,3,200,200,323,377,269,321,357,1
776,-93,-919,-879,16,-13,1,1501,1,200,200,323,377,269,350,345,1
777,-93,-924,-884,9,-7,1,1570,1,200,200,323,377,269,330,359,1
778,-93,-927,-887,5,-4,0,1583,0,200,200,323,377,269,261,354,1
779,-91,-919,-879,115,110,2,1591,27,200,200,323,377,269,332,337,3
781,-93,-928,-888,35,-28,1,1667,3,200,200,323,377,269,327,344,1
782,-93,-929,-889,19,-16,1,1701,2,200,200,323,377,269,288,347,1
783,-93,-929,-889,11,-9,1,1696,1,200,200,323,377,269,305,352,1
784,-93,-930,-890,6,-5,0,1696,0,200,200,323,377,269,319,349,1
785,-93,-930,-890,3,-3,0,1679,0,200,200,323,377,269,305,338,1
786,-93,-930,-890,2,-1,0,1682,0,200,200,323,377,269,277,355,1
787,-93,-930,-890,1,-1,0,1678,0,200,200,323,377,269,315,342,1
788,-93,-930,-890,1,0,0,1686,0,200,200,323,377,269,399,341,1
789,-93,-930,-890,0,0,0,1683,0,200,200,323,377,269,363,352,1
790,-93,-930,-890,0,0,0,1690,0,184,184,325,380,270,261,341,1
791,-93,-930,-890,0,0,0,1711,0,170,171,326,381,271,294,339,1
792,-93,-930,-890,0,0,0,1717,0,157,160,328,383,273,384,352,1
793,-90,-916,-876,216,216,2,1725,30,200,200,323,377,269,339,336,4
795,-93,-927,-887,63,-51,2,1786,8,200,200,323,377,269,310,357,1
796,-93,-929,-889,35,-28,1,1798,3,200,200,323,377,269,345,336,1
797,-93,-929,-889,19,-16,1,1765,2,200,200,323,377,269,311,345,1
798,-93,-930,-890,-35,-54,2,1763,-10,200,200,323,377,269,300,349,1
799,-91,-919,-879,-82,-47,2,1751,-20,200,200,323,377,269,326,336,3
800,-89,-903,-863,-122,-40,2,1730,-28,200,200,323,377,269,326,340,5
802,-84,-853,-813,-99,81,2,1755,-13,200,200,323,377,269,351,332,10
803,-81,-830,-790,-54,44,2,1728,-7,200,200,323,377,269,301,339,13
804,-78,-803,-763,-178,-124,2,1685,-30,200,200,323,377,269,273,345,16
805,-74,-769,-729,-269,-91,2,1624,-30,200,200,323,377,269,267,321,20
806,-70,-732,-692,-278,-9,2,1607,-30,200,200,323,377,269,342,337,24
808,-65,-667,-627,-208,170,2,1576,-27,200,200,323,377,269,308,331,29
809,-60,-631,-591,-114,94,2,1560,-15,200,200,323,377,269,342,325,34
810,-57,-598,-558,-126,-12,2,1556,-27,200,200,323,377,269,372,340,37
811,-54,-567,-527,-141,-15,2,1555,-30,178,178,323,377,269,328,331,40
812,-36,-455,-415,-19,122,2,1568,7,149,149,323,377,269,319,326,58
814,-37,-392,-352,-36,29,1,1638,-4,64,64,323,377,269,390,336,57
815,-31,-348,-308,-20,16,1,1669,-2,29,29,324,379,269,309,321,63
816,-27,-313,-273,-47,-27,2,1727,-11,-10,-10,323,377,269,373,340,67
817,-22,-263,-223,-48,-1,1,1716,-7,-43,-43,324,379,269,362,334,72
818,-3,-137,-97,-54,-5,1,1695,-8,-89,-89,325,369,281,295,323,91
820,-9,-100,-60,-189,155,2,1318,-23,-154,-154,323,341,305,372,327,85
821,-4,-68,-28,-104,85,2,974,-13,-154,-154,323,327,319,308,290,90
822,-4,-53,-13,28,132,2,615,18,-112,-116,323,313,333,288,289,90
823,-5,-51,-11,115,86,2,309,30,-58,-69,323,299,347,304,290,89
825,-14,-121,-81,99,-81,2,-239,13,63,63,323,311,335,307,263,80
826,-21,-169,-129,54,-45,2,-448,7,120,120,323,324,322,320,269,73
827,-30,-240,-200,169,115,2,-611,30,200,200,323,337,309,327,282,64
828,-41,-332,-292,372,203,2,-591,30,200,200,323,350,296,307,270,53
830,-50,-464,-424,197,-161,2,-304,26,200,200,323,377,269,340,311,44
831,-56,-516,-476,108,-89,2,-148,14,200,200,323,377,269,325,308,38
832,-62,-572,-532,262,154,2,30,30,200,200,323,377,269,306,305,32
833,-11,-323,-283,293,31,2,177,30,200,200,323,377,269,311,319,83
835,-69,-612,-572,242,-198,2,476,30,200,200,323,377,269,336,313,25
836,-75,-687,-647,133,-109,2,596,17,200,200,323,377,269,348,325,19
837,-76,-726,-686,406,273,2,721,30,200,200,323,377,269,357,335,18
838,-34,-518,-478,286,-120,2,819,30,200,200,323,377,269,355,314,60
840,-75,-701,-661,332,-271,2,957,30,200,200,323,377,269,304,337,19
841,-75,-727,-687,182,-149,2,1012,24,200,200,323,377,269,321,315,19
842,-72,-723,-683,609,426,2,1062,30,200,200,323,377,269,371,326,22
843,-50,-603,-563,218,-391,2,1111,9,200,200,323,377,269,309,339,44
845,-54,-553,-513,36,-30,1,1228,4,200,200,323,377,269,393,327,40
846,-44,-492,-452,20,-16,1,1290,2,191,191,323,377,269,386,337,50
847,-32,-415,-375,-16,-36,1,1360,-4,140,140,323,377,269,320,326,62
848,-64,-516,-476,117,133,2,1441,30,131,131,323,377,269,336,326,30
849,-10,-291,-251,-233,-350,2,1527,-30,43,43,323,377,269,377,340,84
851,-8,-125,-85,-310,254,2,1606,-30,-123,-123,323,377,269,370,326,86
852,-6,-90,-50,-171,140,2,1613,-22,-168,-168,323,369,277,376,335,88
853,-6,-74,-34,-328,-157,2,1584,-30,-200,-200,323,355,291,315,340,88
854,-8,-77,-37,-473,-145,2,1381,-30,-200,-200,323,341,305,270,308,86
855,-11,-95,-55,-521,-48,2,1101,-30,-197,-197,323,327,319,313,310,83
856,-13,-114,-74,-534,-13,2,805,-30,-158,-158,323,313,333,283,306,81
858,-15,-142,-102,-300,246,2,172,-30,-41,-41,323,285,361,310,277,79
859,-17,-157,-117,-422,-121,2,-73,-30,16,16,323,287,359,305,281,77
860,-20,-180,-140,-520,-98,2,-327,-30,75,75,323,300,346,320,266,74
862,-24,-227,-187,-326,266,2,-681,-30,182,182,323,327,319,326,269,70
863,-31,-272,-232,-179,147,2,-611,-23,200,200,323,340,306,309,295,63
864,-40,-341,-301,-409,-230,2,-475,-30,200,200,323,353,293,319,298,54
865,-54,-449,-409,-481,-72,2,-320,-30,200,200,323,366,280,317,296,40
867,-60,-568,-528,-368,301,2,20,-30,200,200,323,377,269,320,322,34
868,-62,-596,-556,-356,13,2,208,-30,200,200,323,377,269,385,310,32
869,-59,-593,-553,-214,142,2,349,-30,200,200,323,377,269,342,320,35
871,-51,-537,-497,-81,58,2,631,-11,200,200,323,377,269,309,314,43
872,-51,-523,-483,-45,37,2,796,-6,200,200,323,377,269,342,330,43
873,-46,-489,-449,-70,-25,2,914,-17,200,200,323,377,269,409,338,48
874,-37,-425,-385,-16,54,2,1041,2,183,183,323,377,269,413,316,57
876,-30,-338,-298,-131,-122,2,1313,-30,69,69,323,377,269,401,341,64
877,-24,-285,-245,-72,59,2,1397,-9,25,25,323,377,269,408,315,70
878,-14,-207,-167,50,122,2,1491,21,-16,-16,323,377,269,369,326,80
879,-4,-117,-77,23,-27,1,1560,2,-75,-75,323,377,269,337,336,90
880,-18,-145,-105,-100,-123,2,1598,-29,-131,-131,323,371,275,381,317,76
882,11,56,16,-38,31,1,1231,-4,-184,-184,323,345,301,315,309,105
883,18,123,83,-21,17,1,935,-2,-176,-176,323,333,313,271,295,112
884,24,176,136,56,77,2,628,16,-165,-165,323,320,326,292,273,118
885,26,221,181,49,-7,1,312,7,-157,-157,323,308,338,307,275,120
887,26,252,212,-104,85,2,-212,-13,-151,-151,323,282,364,311,258,120
888,23,240,200,-57,47,2,-423,-7,-117,-117,323,269,377,316,263,117
889,18,208,168,-166,-109,2,-584,-30,-81,-81,323,269,377,306,261,112
890,8,139,99,-123,43,2,-721,-21,-28,-28,323,281,365,315,265,102
892,1,37,0,-136,-36,2,-945,-30,83,80,323,303,343,314,254,95
893,-7,-21,0,-75,61,2,-1040,-10,119,119,323,316,330,318,264,87
894,-4,-31,0,53,128,2,-976,23,155,155,323,330,316,324,279,90
895,-36,-209,-169,65,12,1,-787,12,184,184,323,342,304,318,287,58
896,-44,-334,-294,-131,-196,2,-571,-30,200,200,323,354,292,311,299,50
897,-50,-423,-383,-67,63,2,-350,-8,200,200,323,367,279,366,313,44
899,-54,-511,-471,-13,11,1,80,-1,200,200,323,377,269,314,303,40
900,-60,-551,-511,29,42,2,271,9,200,200,323,377,269,399,321,34
901,-62,-588,-548,92,63,2,429,23,200,200,323,377,269,414,322,32
902,-64,-616,-576,154,62,2,580,30,200,200,323,377,269,350,309,30
903,-66,-640,-600,215,61,2,743,30,200,200,323,377,269,327,321,28
905,-68,-672,-632,152,-124,2,991,20,200,200,323,377,269,375,310,26
906,-70,-687,-647,83,-68,2,1107,11,200,200,323,377,269,399,323,24
907,-71,-699,-659,298,214,2,1208,30,200,200,323,377,269,414,331,23
908,-72,-711,-671,456,158,2,1289,30,200,200,323,377,269,394,308,22
910,-72,-718,-678,492,-83,2,1475,30,200,200,323,377,269,361,328,22
911,-72,-719,-679,270,-221,2,1516,30,200,200,323,377,269,395,316,22
912,-64,-676,-636,626,355,2,1604,30,200,200,323,377,269,383,321,30
913,-60,-635,-595,839,213,2,1645,30,200,200,323,377,269,357,329,34
914,-54,-584,-544,970,131,2,1699,30,200,200,323,377,269,412,330,40
916,-46,-486,-446,546,-447,2,1731,30,164,164,323,377,269,391,327,48
917,-34,-407,-367,611,65,2,1710,30,125,125,323,377,269,331,325,60
918,-20,-295,-255,655,45,2,1727,30,59,59,323,377,269,320,315,74
919,-11,-195,-155,702,47,2,1714,30,-17,-17,323,377,269,356,325,83
921,-1,-49,-9,393,-322,2,1661,30,-154,-120,323,377,269,339,312,93
922,15,58,18,216,-177,2,1638,28,-188,-158,323,366,280,329,326,109
923,29,183,143,348,132,2,1421,30,-200,-200,323,352,294,303,324,123
924,36,279,239,417,68,2,1114,30,-200,-200,323,338,308,270,293,130
926,43,398,358,250,-204,2,480,30,-200,-200,323,310,336,307,290,137
927,48,442,402,137,-112,2,161,18,-200,-200,323,296,350,318,273,142
928,46,452,412,-28,-165,2,-100,-21,-200,-200,323,282,364,307,255,140
929,55,496,456,178,206,2,-312,30,-200,-200,323,269,377,314,265,149
931,57,554,514,168,-137,2,-679,22,-200,-200,323,269,377,309,257,151
932,58,568,528,92,-75,2,-812,12,-200,-200,323,269,377,317,250,152
933,62,596,556,258,165,2,-918,30,-200,-200,323,269,377,322,258,156
934,67,636,596,439,181,2,-1001,30,-200,-200,323,269,377,311,264,161
936,68,671,631,294,-240,2,-1094,30,-200,-200,323,269,377,327,246,162
937,55,606,566,161,-132,2,-1143,21,-200,-200,323,269,377,314,273,149
938,70,657,617,363,202,2,-1168,30,-200,-200,323,269,377,330,265,164
939,71,685,645,465,102,2,-1190,30,-200,-200,323,269,377,324,254,165
941,71,705,665,250,-204,2,-1241,30,-200,-200,323,269,377,325,258,165
942,71,708,668,137,-112,2,-1262,18,-200,-200,323,269,377,334,268,165
943,72,714,674,233,96,2,-1257,30,-200,-200,323,269,377,328,265,166
944,72,717,677,268,35,2,-1255,30,-200,-200,323,269,377,322,280,166
946,73,727,687,155,-127,2,-1251,20,-200,-200,323,269,377,322,277,167
947,73,729,689,85,-70,2,-1256,11,-200,-200,323,269,377,318,311,167
948,75,740,700,159,74,2,-1230,30,-200,-200,323,269,377,328,274,169
949,79,767,727,295,135,2,-1230,30,-200,-200,323,269,377,333,264,173
951,79,785,745,198,-162,2,-1220,26,-200,-200,323,269,377,327,304,173
952,81,799,759,293,95,2,-1236,30,-200,-200,323,269,377,336,280,175
953,81,805,765,346,52,2,-1218,30,-200,-200,323,269,377,314,278,175
955,82,817,777,201,-165,2,-1208,26,-200,-200,323,269,377,332,291,176
956,83,824,784,111,-91,2,-1203,14,-200,-200,323,269,377,312,265,177
957,83,827,787,92,-18,2,-1226,17,-200,-200,323,269,377,331,287,177
959,83,829,789,35,-29,1,-1264,4,-200,-200,323,269,377,321,288,177
960,83,830,790,19,-16,1,-1287,2,-200,-200,323,269,377,327,275,177
961,83,830,790,-34,-54,2,-1307,-10,-200,-200,323,269,377,327,322,177
963,83,830,790,-322,-227,2,-1327,-30,-200,-200,323,269,377,324,277,177
964,83,830,790,-177,145,2,-1342,-23,-200,-200,323,269,377,332,273,177
965,83,830,790,-224,-46,2,-1316,-30,-200,-200,323,269,377,321,273,177
966,83,830,790,-249,-25,2,-1317,-30,-200,-200,323,269,377,320,280,177
967,83,830,790,-195,54,2,-1335,-30,-200,-200,323,269,377,330,257,177
969,81,814,774,-67,54,2,-1330,-9,-200,-200,323,269,377,316,339,175
970,80,807,767,-37,30,1,-1345,-4,-200,-200,323,269,377,333,272,174
971,78,792,752,-214,-177,2,-1364,-30,-200,-200,323,269,377,334,287,172
972,73,759,719,-320,-106,2,-1333,-30,-200,-200,323,269,377,313,319,167
973,67,711,671,-396,-77,2,-1338,-30,-200,-200,323,269,377,330,310,161
974,60,651,611,-452,-56,2,-1348,-30,-200,-200,323,269,377,331,262,154
976,49,524,484,-308,252,2,-1325,-30,-200,-200,323,269,377,323,344,143
977,40,457,417,-511,-204,2,-1326,-30,-200,-200,323,269,377,334,269,134
978,31,378,338,-637,-125,2,-1360,-30,-162,-162,323,269,377,317,299,125
979,21,287,247,-697,-60,2,-1305,-30,-102,-102,323,269,377,325,280,115
981,17,195,155,-359,294,2,-1283,-30,-6,-6,323,269,377,315,290,111
982,-9,41,1,-198,162,2,-1264,-26,82,81,323,269,377,319,283,85
983,-19,-84,-44,-302,-105,2,-1251,-30,124,124,323,280,366,326,286,75
984,-26,-179,-139,-355,-53,2,-1161,-30,177,177,323,294,352,323,280,68
985,-40,-298,-258,-614,-259,2,-932,-30,200,200,323,307,339,315,304,54
987,-44,-410,-370,-349,286,2,-391,-30,200,200,323,333,313,327,324,50
988,-49,-453,-413,-471,-122,2,-169,-30,200,200,323,347,299,292,328,45
989,-54,-500,-460,-543,-72,2,90,-30,200,200,323,360,286,294,322,40
991,-65,-380,-340,-326,-338,2,486,-30,172,172,323,377,269,331,348,29
992,-65,-526,-486,-179,147,2,636,-23,200,200,323,377,269,333,324,29
993,-71,-625,-585,-418,-239,2,774,-30,200,200,323,377,269,326,341,23
994,-74,-687,-647,-532,-113,2,918,-30,200,200,323,377,269,313,354,20
996,-3,-169,-129,35,-28,1,1049,4,100,126,323,377,269,328,340,91
997,-65,-429,-389,19,-16,1,1140,2,92,92,324,379,269,307,356,29
998,-84,-614,-574,-210,-229,2,1201,-30,156,156,323,377,269,299,337,10
999,-83,-731,-691,173,382,2,1277,30,200,200,323,377,269,356,347,11
1000,-83,-784,-744,464,291,2,1314,30,200,200,323,377,269,371,358,11
1002,-38,-466,-426,348,-285,2,1450,30,200,200,323,377,269,303,350,56
1003,-82,-657,-617,192,-157,2,1503,25,200,200,323,377,269,326,356,12
1004,-84,-756,-716,731,539,2,1563,30,200,200,323,377,269,390,339,10
1005,-87,-817,-777,699,-32,2,1610,30,200,200,323,377,269,410,347,7
1006,-52,-657,-617,915,216,2,1676,30,200,200,323,377,269,335,360,42
1008,-83,-793,-753,618,-506,2,1749,30,200,200,323,377,269,366,349,11
1009,-84,-819,-779,340,-278,2,1738,30,200,200,323,377,269,356,351,10
1010,-84,-830,-790,642,301,2,1768,30,200,200,323,377,269,316,332,10
1011,-76,-792,-752,749,107,2,1776,30,200,200,323,377,269,322,347,18
1013,-67,-696,-656,464,-380,2,1785,30,200,200,323,377,269,393,328,27
1014,-58,-633,-593,255,-209,2,1803,30,200,200,323,377,269,342,340,36
1015,-47,-545,-505,608,353,2,1787,30,200,200,323,377,269,293,346,47
1016,-28,-402,-362,722,113,2,1773,30,147,147,323,377,269,323,327,66
1018,-12,-180,-140,416,-341,2,1776,30,-35,-35,323,377,269,351,347,82
1019,0,-83,-43,395,-21,2,1751,30,-112,-91,323,377,269,379,321,94
1020,9,11,0,569,173,2,1758,30,-172,-129,323,377,269,346,333,103
1021,19,107,67,475,-94,2,1693,30,-200,-200,323,376,270,293,343,113
1023,31,267,227,314,-257,2,1140,30,-200,-200,323,348,298,298,308,125
1024,38,328,288,173,-141,2,799,23,-200,-200,323,334,312,284,304,132
1025,44,389,349,370,197,2,498,30,-200,-200,323,320,326,296,287,138
1026,49,443,403,451,81,2,214,30,-200,-200,323,306,340,317,271,143
1028,59,559,519,265,-217,2,-222,30,-200,-200,323,278,368,299,283,153
1029,43,489,449,146,-119,2,-337,19,-200,-200,323,269,377,307,269,137
1030,66,581,541,278,132,2,-463,30,-200,-200,323,269,377,316,269,160
1031,79,694,654,432,154,2,-623,30,-200,-200,323,269,377,307,271,173
1033,53,565,525,71,-58,2,-786,9,-200,-200,323,269,377,313,302,147
1034,84,713,673,39,-32,2,-851,5,-200,-200,323,269,377,313,289,178
1035,86,793,753,193,153,2,-898,30,-200,-200,323,269,377,307,269,180
1036,11,424,384,-200,-393,2,-940,-30,-200,-200,323,269,377,313,327,105
1038,85,742,702,-1,1,0,-1053,0,-200,-200,323,269,377,305,308,179
1039,89,809,769,98,100,2,-1133,26,-200,-200,323,269,377,322,259,183
1040,89,853,813,126,28,2,-1211,27,-200,-200,323,269,377,325,342,183
1041,90,878,838,87,-39,2,-1184,14,-200,-200,323,269,377,305,365,184
1043,90,895,855,31,-26,1,-1144,3,-200,-200,323,269,377,322,255,184
1044,90,898,858,17,-14,1,-1189,2,-200,-200,323,269,377,311,362,184
1045,81,858,818,-22,-39,2,-1163,-7,-200,-200,323,269,377,313,367,175
1046,90,877,837,-12,10,1,-1197,-1,-200,-200,323,269,377,317,307,184
1048,91,900,860,-4,3,0,-1271,0,-200,-200,323,269,377,313,349,185
1049,91,905,865,-2,2,0,-1286,0,-200,-200,323,269,377,322,338,185
1050,91,907,867,-1,1,0,-1317,0,-200,-200,323,269,377,320,314,185
1051,91,908,868,-1,0,0,-1343,0,-200,-200,323,269,377,306,341,185
1053,91,909,869,0,0,0,-1394,0,-200,-200,323,269,377,322,319,185
1054,91,910,870,0,0,0,-1380,0,-200,-200,323,269,377,303,272,185
1055,91,910,870,0,0,0,-1362,0,-200,-200,323,269,377,315,288,185
1056,91,910,870,0,0,0,-1352,0,-192,-192,325,270,380,324,329,185
1058,91,910,870,0,0,0,-1320,0,-175,-175,328,273,383,318,261,185
1059,91,910,870,0,0,0,-1322,0,-168,-168,330,274,386,325,343,185
1060,91,910,870,0,0,0,-1299,0,-163,-163,332,276,388,311,333,185
1061,91,910,870,0,0,0,-1300,0,-159,-159,334,279,389,308,311,185
1062,91,910,870,0,0,0,-1298,0,-155,-155,336,284,388,317,316,185
1064,91,910,870,0,0,0,-1277,0,-149,-149,339,291,387,309,305,185
1065,91,910,870,0,0,0,-1277,0,-147,-147,341,295,387,322,263,185
1066,91,910,870,0,0,0,-1302,0,-145,-145,343,298,388,325,340,185
1067,91,910,870,0,0,0,-1306,0,-143,-143,345,302,388,313,356,185
1069,91,910,870,0,0,0,-1370,0,-138,-138,348,307,389,327,346,185
1070,91,910,870,0,0,0,-1372,0,-136,-136,350,309,391,313,346,185
1071,91,910,870,0,0,0,-1375,0,-133,-133,352,312,392,328,344,185
1073,90,903,863,-103,-103,2,-1370,-20,-196,-196,323,273,373,318,296,184
1074,89,896,856,-57,47,2,-1332,-6,-200,-200,323,269,377,329,311,183
1075,85,871,831,-256,-199,2,-1320,-30,-200,-200,323,269,377,330,274,179
1076,84,854,814,-325,-69,2,-1312,-30,-200,-200,323,269,377,319,282,178
1077,81,830,790,-377,-52,2,-1287,-30,-200,-200,323,269,377,327,341,175
1079,76,775,735,-228,186,2,-1254,-30,-200,-200,323,269,377,331,266,170
1080,65,707,667,-350,-122,2,-1246,-30,-200,-200,323,269,377,323,326,159
1081,55,622,582,-418,-67,2,-1206,-30,-200,-200,323,269,377,331,356,149
1082,49,551,511,-459,-42,2,-1179,-30,-200,-200,323,269,377,325,280,143
1083,43,486,446,-482,-23,2,-1174,-30,-200,-200,323,269,377,320,291,137
1085,38,402,362,-267,219,2,-1131,-30,-187,-187,323,269,377,334,318,132
1086,29,342,302,-394,-127,2,-1124,-30,-149,-149,323,269,377,324,275,123
1087,21,271,231,-428,-34,2,-1105,-30,-103,-103,323,269,377,331,320,115
1089,16,183,143,-358,89,2,-1083,-30,-18,-18,323,269,377,319,331,110
1090,12,149,109,-197,161,2,-1092,-26,18,18,323,273,373,324,302,106
1091,0,69,29,-297,-100,2,-1089,-30,71,56,323,286,360,329,310,94
1092,-5,5,0,-348,-51,2,-1084,-30,104,94,323,299,347,316,385,89
1093,-11,-57,-17,-380,-32,2,-916,-30,114,114,323,313,333,323,316,83
1095,-18,-154,-114,-222,181,2,-343,-29,106,106,323,339,307,295,330,76
1096,-27,-217,-177,-279,-58,2,-96,-30,110,110,323,353,293,303,344,67
1097,-29,-256,-216,-298,-18,2,187,-30,110,110,323,360,286,299,335,65
1098,-29,-274,-234,-294,3,2,419,-30,100,100,323,363,283,289,349,65
1100,-28,-279,-239,-54,175,2,796,5,69,69,323,362,284,296,343,66
1101,-24,-258,-218,-30,24,1,962,-3,30,30,323,353,293,291,359,70
1102,-19,-221,-181,-97,-68,2,1121,-24,-29,-29,323,346,300,297,374,75
1103,-15,-183,-143,-126,-28,2,1233,-27,-77,-77,323,334,312,296,354,79
1104,-10,-138,-98,-128,-2,2,1323,-26,-118,-118,323,320,326,275,366,84
1105,-4,-85,-45,-70,57,2,1327,-9,-148,-148,323,306,340,286,378,90
1107,4,14,0,-73,60,2,938,-10,-173,-173,323,278,368,317,346,98
1108,12,71,31,-40,33,1,686,-4,-147,-147,323,270,376,328,344,106
1109,14,108,68,-40,0,0,429,-5,-129,-129,324,272,376,318,316,108
1110,14,125,85,-49,-9,1,180,-7,-110,-110,323,274,372,334,332,108
1111,10,112,72,-45,4,1,-34,-6,-83,-83,324,279,369,343,330,104
1113,4,55,15,-19,15,0,-362,-1,-17,-32,324,297,351,338,330,98
1114,-4,12,0,-10,8,0,-496,-1,11,11,325,304,346,347,312,90
1115,-9,-34,0,-33,-22,2,-636,-7,50,46,323,306,340,338,296,85
1116,-13,-86,-46,-45,-12,1,-707,-7,76,76,323,317,329,352,297,81
1117,-16,-126,-86,-52,-7,1,-681,-7,97,97,323,327,319,353,320,78
1118,7,-20,0,71,122,2,-541,22,105,105,323,337,309,331,340,101
1120,-25,-201,-161,115,-94,2,-167,15,143,143,323,360,286,329,349,69
1121,-25,-228,-188,225,110,2,75,30,152,152,323,371,275,300,352,69
1122,-23,-229,-189,282,56,2,295,30,139,139,323,377,269,313,323,71
1123,-18,-202,-162,303,22,2,367,30,110,110,323,377,269,295,307,76
1124,-11,-153,-113,369,66,2,431,30,71,71,323,373,273,296,293,83
1125,-3,-86,-46,253,-117,2,506,30,24,24,323,362,284,239,255,91
1126,0,-40,0,175,-78,2,547,29,-19,-19,323,354,292,303,295,94
1127,2,-7,0,128,-47,2,503,22,-37,-37,323,347,299,303,291,96
1128,4,18,0,120,-8,2,486,24,-47,-47,323,342,304,253,277,98
1130,5,43,3,76,-62,2,389,10,-53,-53,323,334,312,190,215,99
1131,5,47,7,42,-34,1,336,4,-54,-54,323,332,314,198,212,99
1132,6,54,14,171,130,2,243,30,-36,-36,323,330,316,204,217,100
1133,8,68,28,234,62,2,145,30,-21,-21,323,328,318,196,205,102
1134,8,74,34,259,25,2,57,30,-8,-8,323,327,319,227,232,102
1136,9,87,47,218,26,2,-68,30,11,11,323,326,320,242,261,103
1137,8,83,43,120,-98,2,-152,16,16,16,323,325,321,164,247,102
1138,7,76,36,66,-54,2,-216,9,23,23,323,325,321,205,271,101
1139,5,62,22,36,-30,1,-209,4,26,26,323,324,322,278,297,99
1140,2,39,0,173,137,2,-206,30,46,46,323,324,322,350,356,96
1141,0,18,0,239,66,2,-196,30,57,57,323,330,316,383,355,94
1142,0,8,0,276,36,2,-191,30,61,61,323,335,311,339,311,94
1143,-1,-2,0,296,20,2,-186,30,63,63,323,339,307,338,315,93
1144,-1,-6,0,311,16,2,-130,30,59,59,323,342,304,310,333,93
1145,-2,-14,0,324,13,2,-48,30,49,49,323,338,308,243,326,92
1146,-3,-22,0,336,12,2,8,30,39,39,323,334,312,202,216,91
1148,-3,-28,0,193,-158,2,103,25,18,18,323,330,316,274,152,91
1149,-3,-29,0,106,-87,2,192,14,-2,-2,323,328,318,309,342,91
1150,-1,-19,0,207,101,2,213,30,-4,-4,323,327,319,238,332,93
1151,0,-9,0,253,46,2,185,30,-3,-3,323,326,320,239,214,94
1152,2,7,0,355,102,2,138,30,2,2,323,326,320,282,192,96
1153,-8,-40,0,326,-29,2,105,30,8,8,323,325,321,286,263,86
1154,6,14,0,206,-120,2,109,30,10,10,323,325,321,238,299,100
1155,8,50,10,73,-133,2,97,3,-6,-6,323,324,322,281,324,102
1157,8,72,32,2,-2,0,59,0,-21,-21,324,325,323,311,296,102
1158,8,76,36,1,-1,0,34,0,-20,-20,325,326,324,281,321,102
1159,8,78,38,-31,-32,2,3,-8,-23,-23,323,323,323,286,323,102
1160,8,79,39,-48,-18,1,-6,-8,-23,-23,323,323,323,327,351,102
1161,8,80,40,-58,-10,1,-13,-9,-23,-23,323,323,323,339,374,102
1162,8,80,40,-63,-5,1,0,-9,-24,-24,324,324,324,347,380,102
1164,8,77,37,-82,-7,1,16,-11,-26,-26,323,323,323,418,485,102
1165,8,79,39,-45,37,1,17,-4,-25,-25,323,323,323,421,882,102
1166,8,79,39,-25,20,1,8,-2,-23,-23,323,323,323,409,962,102
1167,8,80,40,-50,-25,1,-14,-8,-22,-22,323,323,323,405,292,102
1168,8,80,40,-63,-14,1,-28,-9,-22,-22,323,323,323,392,118,102
1169,8,80,40,-71,-8,1,-42,-10,-21,-21,323,323,323,396,461,102
1170,8,80,40,-79,-9,1,-66,-11,-19,-19,323,323,323,380,630,102
1172,7,72,32,-46,38,1,-93,-4,-11,-11,323,323,323,409,395,101
1173,7,71,31,-25,21,1,-100,-2,-6,-6,323,323,323,393,398,101
1174,6,66,26,-55,-29,2,-89,-12,-7,-7,323,323,323,394,442,100
1175,6,63,23,-70,-16,1,-68,-12,-8,-8,323,323,323,384,456,100
1176,6,61,21,-84,-13,1,-36,-12,-11,-11,323,323,323,381,458,100
1177,6,61,21,-91,-7,1,-2,-13,-14,-14,323,323,323,390,420,100
1179,6,60,20,-106,-11,1,65,-15,-24,-24,323,323,323,395,420,100
1180,6,60,20,-58,48,1,72,-5,-24,-24,323,323,323,394,431,100
1181,6,60,20,-77,-19,1,63,-11,-26,-26,323,323,323,376,441,100
1182,6,60,20,-87,-10,1,50,-12,-27,-27,323,323,323,380,416,100
