
411,91,910,855,0,0,1,-1274,0,-200,-200,323,269,377,300,363,185
412,91,910,855,0,0,1,-1253,0,-200,-200,323,269,377,314,301,185
414,91,910,855,0,0,1,-1197,0,-200,-200,325,270,380,296,302,185
415,91,910,855,0,0,1,-1161,0,-200,-200,326,271,381,313,346,185
416,91,910,855,0,0,1,-1169,0,-200,-200,327,272,382,317,275,185
417,91,910,855,0,0,1,-1166,0,-200,-200,328,273,383,306,289,185
418,91,910,855,0,0,1,-1145,0,-200,-200,329,274,384,302,369,185
419,91,910,855,0,0,1,-1162,0,-200,-200,330,274,386,318,329,185
421,91,910,855,-25,20,2,-1173,-4,-200,-200,323,269,377,303,329,185
422,91,910,855,-14,11,1,-1167,-2,-200,-200,323,269,377,312,400,185
423,91,910,855,-75,-61,2,-1182,-23,-200,-200,323,269,377,319,277,185
424,90,905,850,-154,-79,2,-1193,-30,-200,-200,323,269,377,299,280,184
425,89,897,842,-202,-48,2,-1190,-30,-200,-200,323,269,377,307,400,183
426,89,893,838,-241,-40,2,-1187,-30,-200,-200,323,269,377,314,360,183
428,89,891,836,-157,129,2,-1244,-25,-200,-200,323,269,377,311,329,183
429,89,890,835,-253,-96,2,-1240,-30,-200,-200,323,269,377,311,435,183
430,89,890,835,-274,-21,2,-1250,-30,-200,-200,323,269,377,312,366,183
431,86,874,819,-416,-142,2,-1280,-30,-200,-200,323,269,377,303,292,180
432,83,850,795,-445,-29,2,-1367,-30,-200,-200,323,269,377,310,363,177
434,75,771,716,-258,211,2,-1407,-30,-200,-200,323,269,377,290,504,169
435,67,717,662,-142,116,2,-1408,-23,-200,-200,323,269,377,299,383,161
436,56,632,577,-308,-166,2,-1387,-30,-200,-200,323,269,377,294,225,150
437,45,534,479,-439,-132,2,-1397,-30,-200,-200,323,269,377,285,344,139
438,38,451,396,-458,-18,2,-1413,-30,-200,-200,323,269,377,288,430,132
440,31,340,285,-247,202,2,-1470,-30,-200,-200,323,269,377,286,418,125
441,24,286,231,-136,111,2,-1470,-22,-149,-149,323,269,377,270,401,118
442,14,207,152,-349,-213,2,-1485,-30,-76,-76,323,269,377,289,290,108
443,3,111,56,-363,-14,2,-1554,-30,20,20,323,269,377,291,269,97
445,-4,-8,0,-201,165,2,-1498,-30,130,104,323,269,377,273,373,90
446,-12,-68,-13,-111,91,2,-1246,-18,143,143,323,281,365,279,251,82
447,6,1,0,-29,81,2,-947,2,137,137,323,294,352,272,258,100
448,-32,-172,-117,-142,-113,2,-672,-30,143,143,323,307,339,266,318,62
450,-42,-368,-313,-229,-25,2,-76,-30,200,200,323,334,312,251,288,52
451,-45,-412,-357,-126,103,2,220,-20,200,200,323,347,299,261,302,49
452,-5,-217,-162,246,372,2,493,30,200,200,323,361,285,278,321,89
453,-40,-316,-261,77,-169,2,699,0,188,188,323,374,272,244,306,54
454,-38,-350,-295,-7,-84,2,935,-11,180,180,323,377,269,303,318,56
455,-34,-346,-291,-31,-24,2,1091,-11,155,155,323,377,269,317,329,60
457,-29,-302,-247,23,-19,1,1317,3,88,88,323,377,269,252,321,65
458,-24,-274,-219,13,-10,1,1420,1,52,52,323,377,269,299,342,70
459,-15,-218,-163,38,26,2,1499,11,17,17,323,377,269,337,343,79
460,-8,-144,-89,80,41,2,1555,23,-34,-34,323,366,280,303,337,86
461,-2,-77,-22,102,23,2,1648,28,-101,-75,323,352,294,266,355,92
463,6,31,0,71,-58,2,1343,11,-156,-156,323,324,322,273,327,100
464,15,95,40,39,-32,2,1025,6,-149,-149,323,310,336,302,330,109
465,26,184,129,318,280,2,748,30,-159,-159,323,296,350,306,348,120
466,26,225,170,202,-116,2,461,30,-176,-176,323,282,364,309,335,120
468,26,253,198,-73,-194,2,5,-30,-200,-200,323,269,377,323,330,120
469,24,246,191,-40,33,2,-170,-6,-194,-194,323,269,377,322,286,118
470,23,237,182,-9,32,2,-339,1,-162,-162,323,269,377,316,335,117
471,21,225,170,-5,4,0,-443,-1,-128,-128,323,269,377,323,324,115
473,18,194,139,4,-3,0,-701,0,-59,-59,323,269,377,314,362,112
474,14,169,114,2,-2,0,-790,0,-32,-32,324,278,370,320,464,108
475,9,134,79,82,80,2,-838,23,14,14,323,288,358,329,292,103
476,5,89,34,117,35,2,-871,30,66,63,323,301,345,314,282,99
477,2,52,0,159,42,2,-841,30,106,103,323,314,332,329,350,96
479,-4,-21,0,107,-88,2,-396,17,94,94,323,340,306,300,325,90
480,4,12,0,59,-48,2,-160,9,61,61,323,344,302,301,342,98
481,-8,-38,0,33,-27,2,99,5,23,23,323,339,307,339,350,86
482,-8,-61,-6,220,188,2,296,30,6,6,323,336,310,285,333,86
483,-7,-66,-11,319,99,2,546,30,-21,-21,323,333,313,275,358,87
484,-4,-52,0,333,14,2,710,30,-49,-49,323,331,315,304,346,90
485,12,41,0,390,57,2,801,30,-69,-69,323,322,324,319,367,106
487,14,119,64,187,-153,2,557,30,-85,-85,323,308,338,315,333,108
488,27,201,146,103,-84,2,465,16,-133,-133,323,297,349,321,342,121
489,39,303,248,214,111,2,307,30,-200,-200,323,283,363,314,339,133
490,42,366,311,280,66,2,89,30,-200,-200,323,269,377,335,310,136
491,44,406,351,352,72,2,-79,30,-200,-200,323,269,377,339,339,138
493,47,456,401,200,-164,2,-341,30,-200,-200,323,269,377,340,304,141
494,48,469,414,110,-90,2,-491,18,-200,-200,323,269,377,343,342,142
495,48,475,420,236,126,2,-594,30,-200,-200,323,269,377,338,401,142
496,49,483,428,319,83,2,-675,30,-200,-200,323,269,377,340,363,143
497,51,498,443,400,82,2,-765,30,-200,-200,323,269,377,347,332,145
499,55,539,484,302,-247,2,-886,30,-200,-200,323,269,377,338,362,149
500,56,550,495,166,-136,2,-928,27,-200,-200,323,269,377,338,365,150
501,56,556,501,420,254,2,-992,30,-200,-200,323,269,377,331,357,150
502,56,558,503,559,140,2,-1013,30,-200,-200,323,269,377,332,309,150
503,57,564,509,636,77,2,-1052,30,-200,-200,323,269,377,341,341,151
505,58,577,522,371,-303,2,-1088,30,-200,-200,323,269,377,327,340,152
506,60,589,534,523,153,2,-1082,30,-200,-200,323,269,377,337,364,154
507,61,600,545,603,79,2,-1081,30,-200,-200,323,269,377,328,328,155
509,62,616,561,353,-289,2,-1059,30,-200,-200,323,269,377,331,330,156
510,64,629,574,194,-159,2,-1056,30,-200,-200,323,269,377,333,313,158
511,65,640,585,408,214,2,-1057,30,-200,-200,323,269,377,326,296,159
512,66,651,596,517,109,2,-1059,30,-200,-200,323,269,377,332,351,160
514,69,682,627,166,-398,2,-1104,-3,-200,-200,323,269,377,319,357,163
515,71,697,642,91,-75,2,-1128,15,-200,-200,323,269,377,323,406,165
516,71,704,649,50,-41,2,-1150,8,-200,-200,323,269,377,329,402,165
517,71,707,652,221,171,2,-1172,30,-200,-200,323,269,377,316,322,165
518,71,709,654,324,103,2,-1188,30,-200,-200,323,269,377,325,355,165
519,71,709,654,268,-56,2,-1213,30,-200,-200,323,269,377,328,391,165
520,70,704,649,170,-98,2,-1254,30,-200,-200,323,269,377,313,371,164
521,69,697,642,206,36,2,-1290,30,-200,-200,323,269,377,325,373,163
523,64,652,597,-78,-272,2,-1306,-30,-200,-200,323,269,377,307,402,158
524,58,613,558,-43,35,2,-1304,-7,-200,-200,323,269,377,317,396,152
525,52,563,508,40,82,2,-1311,19,-200,-200,323,269,377,317,361,146
526,40,475,420,220,180,2,-1291,30,-200,-200,323,269,377,311,356,134
527,34,402,347,125,-94,2,-1305,21,-200,-200,323,269,377,304,369,128
528,28,336,281,150,25,2,-1303,30,-174,-174,323,269,377,314,328,122
529,24,284,229,91,-58,2,-1301,16,-120,-120,323,269,377,308,327,118
531,19,210,155,25,-21,1,-1369,3,-28,-28,323,269,377,311,423,113
532,15,183,128,14,-11,1,-1365,2,7,7,323,269,377,316,346,109
533,10,146,91,8,-6,0,-1342,1,36,36,323,270,376,301,298,104
534,4,98,43,-41,-48,2,-1161,-13,62,62,323,282,364,303,305,98
535,14,121,66,36,77,2,-866,16,74,74,323,295,351,298,290,108
536,-8,12,0,105,69,2,-569,30,91,91,323,308,338,286,311,86
537,-10,-48,0,175,70,2,-262,30,77,77,323,321,325,273,305,84
539,-10,-89,-34,107,-88,2,377,17,19,19,323,333,313,279,352,84
540,-7,-79,-24,163,55,2,619,30,-16,-16,323,331,315,267,339,87
541,-2,-47,0,224,62,2,854,30,-58,-58,323,323,323,262,359,92
542,3,-5,0,267,43,2,1014,30,-91,-91,323,314,332,269,365,97
543,9,46,0,332,64,2,1014,30,-105,-105,323,305,341,287,348,103
544,15,102,47,371,40,2,897,30,-113,-113,323,298,348,285,349,109
545,20,155,100,393,22,2,728,30,-129,-129,323,290,356,307,344,114
546,24,201,146,401,8,2,506,30,-149,-149,323,281,365,319,328,118
547,26,233,178,405,4,2,293,30,-168,-168,323,270,376,324,328,120
548,26,247,192,398,-7,2,99,30,-173,-173,323,269,377,325,360,120
550,26,257,202,73,-313,2,-207,-17,-184,-184,323,269,377,332,334,120
551,26,259,204,40,-33,2,-312,6,-169,-169,323,269,377,330,341,120
552,25,254,199,22,-18,1,-412,3,-146,-146,323,269,377,339,310,119
553,23,243,188,12,-10,1,-508,1,-121,-121,323,269,377,336,346,117
554,14,197,142,-124,-136,2,-589,-30,-99,-99,323,269,377,335,381,108
555,16,177,122,94,218,2,-647,30,-42,-42,323,273,373,344,332,110
556,14,157,102,214,120,2,-696,30,1,1,323,285,361,343,337,108
557,11,132,77,275,61,2,-744,30,38,38,323,293,353,333,367,105
558,8,104,49,313,38,2,-743,30,69,69,323,306,340,347,310,102
560,5,61,6,181,-148,2,-401,29,84,84,323,330,316,315,354,99
561,13,98,43,100,-82,2,-222,16,51,51,323,329,317,324,337,107
562,18,142,87,55,-45,2,62,9,-14,-14,323,327,319,314,359,112
563,0,66,11,30,-25,2,299,5,-29,-29,323,326,320,290,368,94
564,0,30,0,179,148,2,567,30,-39,-39,323,326,320,291,362,94
565,5,41,0,274,95,2,725,30,-58,-58,323,320,326,296,371,99
566,9,67,12,335,61,2,682,30,-68,-68,323,314,332,304,362,103
567,14,107,52,364,29,2,588,30,-78,-78,323,308,338,316,355,108
568,19,152,97,430,66,2,478,30,-95,-95,323,302,344,325,362,113
569,21,183,128,403,-27,2,259,30,-106,-106,323,296,350,345,335,115
570,21,198,143,379,-24,2,34,30,-106,-106,323,291,355,350,329,115
571,21,204,149,357,-22,2,-103,30,-101,-101,323,288,358,350,354,115
573,19,193,138,190,-155,2,-436,30,-54,-54,323,296,350,356,314,113
574,15,170,115,104,-85,2,-589,17,-23,-23,323,302,344,360,375,109
575,13,148,93,228,124,2,-689,30,19,19,323,306,340,357,360,107
576,9,117,62,301,73,2,-787,30,59,59,323,316,330,376,306,103
577,4,75,20,350,49,2,-766,30,96,96,323,329,317,370,338,98
578,-1,29,0,359,9,2,-609,30,103,103,323,339,307,341,358,93
580,13,109,54,252,-166,2,-124,30,47,47,323,340,306,330,370,107
581,-6,18,0,139,-114,2,115,22,26,26,323,336,310,309,370,88
582,-6,-24,0,265,127,2,339,30,2,2,323,333,313,315,370,88
583,-3,-27,0,353,88,2,590,30,-29,-29,323,331,315,309,390,91
584,0,-13,0,410,57,2,772,30,-58,-58,323,324,322,296,370,94
585,5,21,0,442,31,2,829,30,-76,-76,323,316,330,298,382,99
586,10,64,9,441,-1,2,752,30,-80,-80,323,310,336,326,376,104
587,23,154,99,476,36,2,601,30,-104,-104,323,302,344,331,353,117
589,31,277,222,325,-266,2,225,30,-193,-193,323,275,371,350,351,125
590,35,316,261,179,-146,2,3,29,-200,-200,323,269,377,360,330,129
591,38,351,296,260,82,2,-162,30,-200,-200,323,269,377,348,389,132
592,43,394,339,458,198,2,-296,30,-200,-200,323,269,377,354,392,137
593,45,424,369,490,32,2,-447,30,-200,-200,323,269,377,356,309,139
595,45,445,390,191,-304,2,-593,14,-200,-200,323,269,377,350,407,139
596,45,447,392,105,-86,2,-672,17,-200,-200,323,269,377,351,323,139
597,44,443,388,229,124,2,-750,30,-200,-200,323,269,377,349,336,138
598,44,442,387,468,239,2,-775,30,-200,-200,323,269,377,346,360,138
599,45,446,391,455,-13,2,-825,30,-200,-200,323,269,377,345,388,139
601,44,441,386,229,-188,2,-893,30,-200,-200,323,269,377,338,343,138
602,44,441,386,126,-103,2,-890,20,-200,-200,323,269,377,329,414,138
603,45,446,391,182,56,2,-924,30,-200,-200,323,269,377,337,377,139
604,44,443,388,168,-14,2,-934,30,-200,-200,323,269,377,341,278,138
606,44,441,386,66,-54,2,-932,10,-200,-200,323,269,377,324,392,138
607,44,440,385,27,-38,2,-972,2,-200,-200,323,269,377,337,328,138
608,44,440,385,15,-12,1,-978,2,-200,-200,323,269,377,321,372,138
610,44,440,385,-35,29,2,-979,-5,-200,-200,323,269,377,324,340,138
611,44,440,385,-145,-110,2,-985,-30,-200,-200,323,269,377,324,284,138
612,44,440,385,-201,-56,2,-964,-30,-200,-200,323,269,377,301,373,138
614,44,440,385,-125,103,2,-997,-20,-200,-200,323,269,377,322,308,138
615,43,435,380,-186,-61,2,-1004,-30,-200,-200,323,269,377,298,329,137
616,40,416,361,-165,21,2,-1016,-30,-200,-200,323,269,377,308,397,134
618,39,395,340,-142,116,2,-1057,-23,-200,-200,323,269,377,305,322,133
619,37,382,327,-267,-125,2,-1055,-30,-200,-200,323,269,377,299,347,131
620,37,375,320,-147,120,2,-1072,-23,-200,-200,323,269,377,299,412,131
621,27,318,263,-324,-177,2,-1078,-30,-185,-185,323,269,377,302,342,121
623,24,257,202,-237,194,2,-1115,-30,-123,-123,323,269,377,293,370,118
624,21,231,176,-391,-155,2,-1118,-30,-95,-95,323,269,377,294,420,115
625,16,193,138,-472,-81,2,-1150,-30,-54,-54,323,269,377,291,357,110
627,10,120,65,-291,238,2,-1196,-30,35,35,323,280,366,294,394,104
628,6,87,32,-160,131,2,-1120,-26,65,65,323,293,353,290,416,100
629,-1,35,0,-435,-274,2,-906,-30,79,79,323,307,339,273,297,93
630,-9,-33,0,-662,-227,2,-641,-30,65,65,323,320,326,276,272,85
632,-19,-157,-102,-424,322,2,-77,-30,62,62,323,334,312,258,307,75
633,-22,-191,-136,-233,191,2,191,-30,67,67,323,339,307,247,307,72
634,-23,-212,-157,-529,-296,2,468,-30,66,66,323,343,303,251,323,71
635,-23,-222,-167,-714,-185,2,723,-30,53,53,323,338,308,248,332,71
637,-22,-220,-165,-446,365,2,1120,-30,-4,-4,323,332,314,233,348,72
638,-19,-204,-149,-659,-213,2,1199,-30,-38,-38,323,330,316,246,347,75
639,5,-67,-12,-457,202,2,1231,-30,-114,-80,323,321,325,256,336,99
640,-6,-63,-8,-589,-132,2,1142,-30,-149,-121,323,309,337,266,339,88
642,-5,-53,0,-307,251,2,796,-30,-146,-146,323,285,361,291,327,89
643,-5,-51,0,-169,138,2,560,-27,-126,-126,323,280,366,311,306,89
644,-6,-56,-1,-291,-122,2,358,-30,-103,-103,323,279,367,302,335,88
646,-13,-114,-59,-187,153,2,8,-30,-25,-25,323,292,354,317,293,81
647,-18,-150,-95,-103,84,2,-174,-16,34,34,323,298,348,320,310,76
648,-29,-226,-171,-196,-93,2,-318,-30,112,112,323,312,334,310,346,65
649,-40,-320,-265,-270,-74,2,-361,-30,200,200,323,325,321,319,335,54
651,-45,-422,-367,-171,140,2,-44,-27,200,200,323,352,294,293,342,49
652,-53,-481,-426,-341,-171,2,138,-30,200,200,323,365,281,295,323,41
653,-62,-556,-501,-305,37,2,361,-30,200,200,323,377,269,290,343,32
654,-66,-612,-557,-262,43,2,522,-30,200,200,323,377,269,277,352,28
656,-67,-658,-603,-111,91,2,879,-18,200,200,323,377,269,274,353,27
657,-71,-686,-631,-165,-53,2,992,-30,200,200,323,377,269,280,356,23
658,-72,-704,-649,-28,137,2,1092,9,200,200,323,377,269,267,346,22
659,-72,-711,-656,88,116,2,1184,30,200,200,323,377,269,269,352,22
661,-71,-710,-655,103,-85,2,1359,17,200,200,323,377,269,292,347,23
662,-66,-683,-628,250,147,2,1461,30,200,200,323,377,269,275,363,28
663,-62,-649,-594,354,103,2,1521,30,200,200,323,377,269,278,361,32
665,-55,-571,-516,241,-197,2,1650,30,200,200,323,377,269,263,361,39
666,-41,-484,-429,267,27,2,1691,30,200,200,323,377,269,290,375,53
667,-30,-385,-330,309,42,2,1721,30,200,200,323,377,269,307,351,64
668,-23,-301,-246,359,50,2,1798,30,161,161,323,377,269,299,371,71
670,-16,-190,-135,213,-174,2,1889,30,6,6,323,377,269,279,367,78
671,-8,-131,-76,117,-96,2,1907,19,-69,-69,323,377,269,290,371,86
672,3,-44,0,118,1,2,1941,30,-141,-111,323,377,269,261,349,97
673,11,39,0,65,-53,2,1905,10,-191,-152,323,377,269,263,358,105
674,20,126,71,27,-38,2,1718,2,-200,-200,323,365,281,295,361,114
676,30,256,201,38,-31,2,991,6,-200,-200,323,337,309,291,305,124
677,48,377,322,21,-17,1,590,3,-200,-200,323,324,322,295,296,142
678,52,441,386,-200,-221,2,263,-30,-200,-200,323,311,335,305,299,146
679,52,484,429,-277,-76,2,23,-30,-200,-200,323,297,349,308,276,146
680,52,503,448,-305,-29,2,-203,-30,-200,-200,323,283,363,293,300,146
682,50,501,446,-181,148,2,-524,-29,-200,-200,323,269,377,310,338,144
683,44,468,413,-100,82,2,-632,-16,-200,-200,323,269,377,297,300,138
684,39,426,371,-248,-149,2,-740,-30,-200,-200,323,269,377,310,302,133
685,33,374,319,-267,-19,2,-815,-30,-200,-200,323,269,377,308,326,127
687,27,292,237,-150,123,2,-944,-24,-194,-194,323,269,377,300,335,121
688,18,232,177,-83,68,2,-1001,-13,-131,-131,323,269,377,305,314,112
689,4,128,73,-216,-134,2,-1057,-30,-44,-46,323,269,377,308,379,98
690,0,59,4,-263,-47,2,-1096,-30,34,34,323,269,377,295,393,94
691,-2,16,0,-347,-84,2,-1127,-30,76,76,323,269,377,309,297,92
693,-3,-20,0,-214,175,2,-971,-30,101,101,323,288,358,294,309,91
694,0,-9,0,-118,96,2,-708,-19,90,90,323,301,345,289,289,94
695,2,7,0,259,377,2,-442,30,94,94,323,314,332,288,301,96
696,2,14,0,471,212,2,-175,30,74,74,323,328,318,280,322,96
698,3,27,0,333,-264,2,347,30,9,9,323,335,311,270,317,97
699,-2,1,0,183,-150,2,577,29,-26,-26,323,333,313,272,340,92
700,-3,-16,0,-61,-244,2,766,-30,-90,-78,323,323,323,266,348,91
701,-3,-23,0,-268,-206,2,888,-30,-129,-129,323,309,337,260,338,91
702,-4,-32,0,-363,-96,2,862,-30,-145,-145,323,297,349,283,343,90
703,-3,-31,0,-177,186,2,724,-24,-137,-137,323,288,358,302,343,91
705,-3,-30,0,-120,99,2,338,-19,-95,-95,323,282,364,305,387,91
706,2,-3,0,-66,54,2,140,-11,-61,-61,323,285,361,316,372,96
707,6,31,0,-171,-105,2,-55,-30,-40,-40,323,294,352,321,282,100
708,7,52,0,-243,-71,2,-247,-30,-16,-16,323,300,346,315,305,101
709,6,56,1,-363,-120,2,-412,-30,8,8,323,305,341,331,330,100
711,2,28,0,-231,189,2,-434,-30,30,30,323,312,334,313,305,96
712,-1,7,0,-127,104,2,-284,-20,25,25,323,314,332,316,337,93
713,-5,-24,0,-277,-150,2,-92,-30,2,2,323,316,330,315,325,89
714,-7,-49,0,-386,-109,2,121,-30,-26,-26,323,318,328,293,345,87
715,-7,-60,-5,-442,-56,2,280,-30,-49,-49,323,319,327,306,360,87
717,-6,-60,-5,-270,221,2,412,-30,-80,-80,323,307,339,310,350,88
718,-6,-60,-5,-148,121,2,362,-24,-77,-77,323,303,343,316,357,88
719,-5,-55,0,-347,-199,2,263,-30,-73,-73,323,300,346,326,330,89
720,-5,-52,0,-465,-118,2,120,-30,-60,-60,323,300,346,333,332,89
722,-11,-98,-43,-354,208,2,-235,-30,2,2,323,309,337,353,313,83
723,-17,-137,-82,-195,159,2,-336,-30,43,43,323,312,334,347,319,77
724,-25,-198,-143,-400,-205,2,-405,-30,102,102,323,325,321,349,339,69
725,-32,-264,-209,-472,-72,2,-341,-30,168,168,323,338,308,349,322,62
726,6,-89,-34,-259,212,2,-171,-30,82,112,323,352,294,330,353,100
728,-46,-381,-326,-180,237,2,218,-19,200,200,323,377,269,320,352,48
729,-51,-451,-396,-99,81,2,408,-16,200,200,323,377,269,312,361,43
730,-54,-499,-444,-320,-221,2,591,-30,200,200,323,377,269,292,375,40
731,-57,-537,-482,-450,-131,2,791,-30,200,200,323,377,269,306,360,37
732,-62,-582,-527,-585,-135,2,899,-30,200,200,323,377,269,295,364,32
734,-54,-549,-494,-118,96,2,1131,-19,200,200,323,377,269,291,355,40
735,-62,-587,-532,-65,53,2,1214,-10,200,200,323,377,269,298,366,32
736,-55,-567,-512,90,155,2,1294,30,200,200,323,377,269,292,368,39
737,-11,-320,-265,50,-41,2,1359,8,200,200,323,377,269,280,357,83
738,-66,-504,-449,-265,-315,2,1423,-30,200,200,323,377,269,287,369,28
740,-69,-651,-596,-104,330,2,1503,11,200,200,323,377,269,267,354,25
741,-69,-672,-617,-57,47,2,1533,-9,200,200,323,377,269,270,365,25742,-69,-682,-627,-315,-258,2,1549,-30,200,200,323,377,269,291,346,25
743,-69,-686,-631,-398,-83,2,1586,-30,200,200,323,377,269,316,362,25
744,-68,-683,-628,-421,-23,2,1599,-30,200,200,323,377,269,269,365,26
745,-68,-681,-626,-439,-17,2,1609,-30,200,200,323,377,269,284,344,26
747,-69,-688,-633,-284,232,2,1635,-30,200,200,323,377,269,311,362,25
748,-68,-684,-629,-156,128,2,1623,-25,200,200,323,377,269,277,340,26
749,-68,-682,-627,-288,-132,2,1642,-30,200,200,323,377,269,273,347,26
750,-69,-686,-631,-433,-145,2,1648,-30,200,200,323,377,269,316,362,25
751,-70,-694,-639,-513,-80,2,1640,-30,200,200,323,377,269,294,331,24
753,-70,-699,-644,-306,250,2,1596,-30,200,200,323,377,269,287,351,24
754,-70,-699,-644,-168,138,2,1572,-27,200,200,323,377,269,279,328,24
755,-70,-700,-645,-363,-194,2,1564,-30,200,200,323,377,269,288,338,24
756,-68,-689,-634,-420,-57,2,1556,-30,200,200,323,377,269,304,347,26
757,-68,-684,-629,-460,-41,2,1579,-30,200,200,323,377,269,277,332,26
758,-67,-677,-622,-483,-22,2,1594,-30,200,200,323,377,269,262,342,27
760,-67,-671,-616,-267,219,2,1652,-30,200,200,323,377,269,346,336,27
761,-67,-671,-616,-147,120,2,1664,-24,200,200,323,377,269,306,342,27
762,-66,-665,-610,-369,-222,2,1701,-30,200,200,323,377,269,285,351,28
763,-64,-651,-596,-432,-64,2,1714,-30,200,200,323,377,269,341,336,30
764,-63,-640,-585,-472,-39,2,1737,-30,200,200,323,377,269,349,339,31
765,-62,-629,-574,-498,-26,2,1747,-30,200,200,323,377,269,266,354,32
767,-61,-614,-559,-284,233,2,1777,-30,200,200,323,377,269,332,342,33
768,-59,-601,-546,-156,128,2,1798,-25,200,200,323,377,269,323,351,35
769,-56,-579,-524,-333,-177,2,1824,-30,200,200,323,377,269,336,330,38
770,-55,-563,-508,-530,-196,2,1857,-30,200,200,323,377,269,349,345,39
771,-52,-540,-485,-552,-23,2,1888,-30,200,200,323,377,269,303,352,42
773,-50,-508,-453,-316,258,2,1922,-30,188,188,323,377,269,316,344,44
774,-49,-498,-443,-174,142,2,1909,-28,173,173,323,377,269,353,350,45
775,-43,-462,-407,-379,-205,2,1892,-30,156,156,323,377,269,312,329,51
776,-42,-439,-384,-456,-77,2,1874,-30,137,137,323,377,269,281,338,52
777,-40,-418,-363,-507,-51,2,1879,-30,116,116,323,377,269,300,352,54
779,-38,-388,-333,-297,243,2,1858,-30,75,75,323,377,269,309,338,56
780,-35,-367,-312,-163,134,2,1887,-26,56,56,323,377,269,298,350,59
781,-32,-342,-287,-288,-124,2,1859,-30,37,37,323,374,272,315,329,62
782,-31,-325,-270,-415,-127,2,1845,-30,18,18,323,363,283,361,334,63
784,-29,-297,-242,-492,2,2,1650,-30,-5,-5,323,347,299,250,323,65
785,-28,-288,-233,-271,221,2,1453,-30,0,0,323,342,304,265,325,66
786,-27,-278,-223,-252,18,2,1240,-30,11,11,323,338,308,284,334,67
787,-27,-274,-219,-197,55,2,1031,-30,28,28,323,334,312,291,313,67
788,-28,-277,-222,-136,62,2,874,-27,51,51,323,332,314,287,324,66
790,-32,-311,-256,-39,32,2,726,-6,123,123,323,351,295,331,327,62
791,-27,-289,-234,-21,17,1,679,-3,118,118,323,357,289,316,334,67
792,-38,-330,-275,-25,-4,1,691,-5,124,124,323,361,285,294,341,56
793,-41,-366,-311,-225,-200,2,768,-30,143,143,323,369,277,292,346,53
794,-44,-406,-351,-218,7,2,846,-30,178,178,323,377,269,319,334,50
796,-49,-472,-417,-19,16,1,1002,-2,200,200,323,377,269,354,346,45
797,-51,-489,-434,-10,9,1,1049,-1,200,200,323,377,269,327,338,43
798,-53,-508,-453,147,158,2,1124,30,200,200,323,377,269,307,359,41
799,-57,-541,-486,193,46,2,1151,30,200,200,323,377,269,296,335,37
800,-60,-573,-518,192,-2,2,1203,30,200,200,323,377,269,353,345,34
802,0,-121,-66,172,-141,2,1256,27,74,121,323,377,269,306,339,94
803,-61,-385,-330,95,-77,2,1299,15,135,135,323,377,269,342,343,33
804,-65,-528,-473,345,250,2,1315,30,200,200,323,377,269,358,349,29
805,-65,-594,-539,522,178,2,1348,30,200,200,323,377,269,351,338,29
807,-19,-275,-220,336,-275,2,1384,30,183,183,323,377,269,324,351,75
808,-57,-435,-380,185,-151,2,1375,30,200,200,323,377,269,331,332,37
809,-54,-491,-436,-128,-313,2,1378,-30,200,200,323,377,269,342,337,40
810,-45,-469,-414,-214,-86,2,1368,-30,200,200,323,377,269,335,341,49
812,-23,-281,-226,-127,104,2,1445,-20,92,92,323,377,269,311,330,71
813,-13,-199,-144,-70,57,2,1495,-11,21,21,323,377,269,360,343,81
814,-8,-135,-80,-133,-63,2,1553,-30,-66,-66,323,377,269,400,332,86
815,-2,-73,-18,-78,55,2,1573,-13,-135,-107,323,377,269,330,331,92
816,-5,-61,-6,-461,-384,2,1630,-30,-189,-149,323,370,276,285,349,89
818,-5,-52,0,-305,250,2,1230,-30,-200,-200,323,342,304,358,307,89
819,-5,-51,0,-447,-142,2,890,-30,-177,-177,323,328,318,290,302,89
820,-7,-61,-6,-516,-69,2,560,-30,-141,-141,323,314,332,296,297,87
821,-11,-88,-33,-558,-42,2,281,-30,-94,-94,323,300,346,309,271,83
823,-9,-89,-34,-325,266,2,-252,-30,-9,-9,323,291,355,303,274,85
824,-12,-106,-51,-179,146,2,-484,-29,37,37,323,298,348,320,270,82
825,-17,-141,-86,-418,-239,2,-635,-30,84,84,323,311,335,332,257,77
826,-24,-194,-139,-572,-154,2,-626,-30,134,134,323,324,322,309,283,70
828,-30,-278,-223,-368,301,2,-287,-30,200,200,323,351,295,324,299,64
829,-42,-355,-300,-617,-248,2,-87,-30,200,200,323,364,282,310,318,52
830,-53,-449,-394,-834,-218,2,104,-30,200,200,323,377,269,314,326,41
832,-56,-537,-482,-354,289,2,489,-30,200,200,323,377,269,363,316,38
833,-54,-538,-483,-208,146,2,652,-30,200,200,323,377,269,379,330,40
834,-49,-512,-457,-56,152,2,797,3,200,200,323,377,269,345,338,45
835,-39,-446,-391,-71,-15,2,941,-20,200,200,323,377,269,329,316,55
837,-33,-355,-300,-36,30,2,1173,-6,199,199,323,377,269,307,341,61
838,-27,-309,-254,-43,-6,1,1288,-9,142,142,323,377,269,346,323,67
839,-21,-256,-201,-55,-12,1,1367,-11,88,88,323,377,269,428,327,73
840,-10,-172,-117,-48,7,1,1449,-8,26,26,323,377,269,414,337,84
842,-3,-60,-5,-29,24,1,1621,-3,-91,-34,323,377,269,356,328,91
843,4,-6,0,-48,-18,1,1568,-9,-130,-59,323,377,269,369,334,98
844,12,62,7,-22,26,1,1317,-2,-145,-83,323,369,277,305,301,106
845,24,142,87,42,64,2,1034,15,-153,-153,323,356,290,280,301,118
847,30,260,205,10,-8,1,395,1,-189,-189,323,332,314,305,285,124
848,31,283,228,6,-5,0,86,1,-185,-185,323,322,324,312,267,125
849,31,295,240,-235,-241,2,-191,-30,-200,-200,323,309,337,325,275,125
850,24,265,210,-201,34,2,-409,-30,-189,-189,323,296,350,322,276,118
852,19,206,151,-105,86,2,-737,-17,-99,-99,323,269,377,325,276,113
853,12,160,105,-144,-38,2,-873,-30,-51,-51,323,274,372,331,269,106
854,1,79,24,-304,-160,2,-949,-30,19,19,323,285,361,320,276,95
855,-16,-50,0,-379,-75,2,-1048,-30,66,60,323,298,348,337,283,78
856,-24,-153,-98,-249,130,2,-1046,-30,120,120,323,311,335,335,267,70
858,-34,-300,-245,-90,74,2,-693,-14,200,200,323,338,308,320,300,60
859,-40,-354,-299,-63,27,2,-495,-13,200,200,323,351,295,325,295,54
860,5,-136,-81,37,100,2,-275,21,200,200,323,364,282,306,316,99
861,-52,-343,-288,3,-35,2,-52,-3,200,200,323,377,269,310,329,42
863,-58,-508,-453,1,-1,0,346,0,200,200,323,377,269,400,324,36
864,-61,-554,-499,0,0,0,506,0,200,200,323,377,269,394,334,33
865,-66,-602,-547,-49,-50,2,675,-14,200,200,323,377,269,352,317,28
866,-68,-644,-589,76,126,2,804,30,200,200,323,377,269,346,326,26
867,-70,-674,-619,182,105,2,911,30,200,200,323,377,269,377,334,24
869,-72,-710,-655,151,-124,2,1126,24,200,200,323,377,269,360,324,22
870,-73,-721,-666,83,-68,2,1222,13,200,200,323,377,269,388,333,21
871,-75,-737,-682,203,120,2,1294,30,200,200,323,377,269,368,314,19
872,-75,-744,-689,301,98,2,1406,30,200,200,323,377,269,406,326,19
874,-75,-749,-694,468,-39,2,1530,30,200,200,323,377,269,349,323,19
875,-74,-744,-689,257,-211,2,1594,30,200,200,323,377,269,322,313,20
876,-68,-709,-654,646,388,2,1668,30,200,200,323,377,269,388,329,26
877,-61,-656,-601,886,240,2,1690,30,200,200,323,377,269,405,324,33
878,-55,-599,-544,1068,182,2,1756,30,200,200,323,377,269,423,314,39
880,-49,-513,-458,479,-392,2,1810,30,200,200,323,377,269,337,333,45
881,-35,-425,-370,569,90,2,1801,30,200,200,323,377,269,307,309,59
882,-20,-303,-248,642,72,2,1792,30,170,170,323,377,269,374,323,74
883,-10,-194,-139,686,44,2,1745,30,61,61,323,377,269,386,327,84
885,0,-41,0,388,-318,2,1735,30,-119,-90,323,377,269,308,322,94
886,16,68,13,213,-175,2,1717,30,-155,-132,323,377,269,366,335,110
887,31,198,143,342,129,2,1518,30,-200,-200,323,377,269,352,304,125
888,38,296,241,418,75,2,1220,30,-200,-200,323,367,279,257,301,132
890,44,410,355,235,-193,2,557,30,-200,-200,323,339,307,312,284,138
891,50,458,403,129,-106,2,247,21,-200,-200,323,325,321,345,260,144
892,57,519,464,287,158,2,-45,30,-200,-200,323,311,335,314,264,151
893,60,563,508,356,69,2,-292,30,-200,-200,323,297,349,313,269,154
895,62,608,553,105,-298,2,-660,-8,-200,-200,323,269,377,304,244,156
896,64,625,570,57,-47,2,-812,9,-200,-200,323,269,377,320,250,158
897,66,644,589,212,154,2,-931,30,-200,-200,323,269,377,325,259,160
898,71,680,625,391,179,2,-1017,30,-200,-200,323,269,377,305,262,165
900,70,696,641,478,83,2,-1147,30,-200,-200,323,269,377,328,250,164
901,73,714,659,263,-215,2,-1197,30,-200,-200,323,269,377,316,264,167
902,74,728,673,397,134,2,-1213,30,-200,-200,323,269,377,328,266,168
903,75,740,685,461,64,2,-1232,30,-200,-200,323,269,377,331,256,169
905,76,756,701,442,-50,2,-1289,30,-200,-200,323,269,377,322,274,170
906,75,753,698,243,-199,2,-1307,30,-200,-200,323,269,377,326,293,169
907,75,751,696,282,39,2,-1293,30,-200,-200,323,269,377,326,259,169
908,75,751,696,295,13,2,-1294,30,-200,-200,323,269,377,325,261,169
909,75,750,695,288,-7,2,-1291,30,-200,-200,323,269,377,333,272,169
911,76,758,703,154,-126,2,-1258,25,-200,-200,323,269,377,324,264,170
912,77,764,709,193,39,2,-1251,30,-200,-200,323,269,377,330,271,171
913,81,789,734,290,98,2,-1249,30,-200,-200,323,269,377,326,315,175
915,80,798,743,145,-118,2,-1230,23,-200,-200,323,269,377,336,267,174
916,82,810,755,80,-65,2,-1228,13,-200,-200,323,269,377,335,307,176
917,83,821,766,206,126,2,-1206,30,-200,-200,323,269,377,317,321,177
918,84,831,776,271,65,2,-1194,30,-200,-200,323,269,377,333,261,178
920,84,838,783,164,-134,2,-1205,26,-200,-200,323,269,377,313,325,178
921,85,845,790,229,66,2,-1201,30,-200,-200,323,269,377,328,270,179
922,84,842,787,135,-94,2,-1217,23,-200,-200,323,269,377,337,264,178
924,84,840,785,24,-19,2,-1274,4,-200,-200,323,269,377,332,332,178
925,84,840,785,-50,-74,2,-1310,-21,-200,-200,323,269,377,337,294,178
926,84,840,785,-59,-9,2,-1335,-16,-200,-200,323,269,377,316,275,178
928,84,840,785,-75,61,2,-1327,-12,-200,-200,323,269,377,327,286,178
929,84,840,785,-167,-92,2,-1334,-30,-200,-200,323,269,377,327,252,178
930,84,840,785,-200,-33,2,-1341,-30,-200,-200,323,269,377,330,268,178
931,83,835,780,-231,-32,2,-1324,-30,-200,-200,323,269,377,328,295,177
933,82,823,768,-142,116,2,-1350,-23,-200,-200,323,269,377,327,267,176
934,81,816,761,-78,64,2,-1359,-12,-200,-200,323,269,377,330,336,175
935,79,802,747,-151,-73,2,-1343,-30,-200,-200,323,269,377,323,335,173
936,75,774,719,-290,-139,2,-1359,-30,-200,-200,323,269,377,327,276,169
937,67,718,663,-398,-108,2,-1355,-30,-200,-200,323,269,377,337,273,161
939,60,625,570,-259,212,2,-1332,-30,-200,-200,323,269,377,324,287,154
940,53,574,519,-430,-171,2,-1325,-30,-200,-200,323,269,377,334,272,147
941,46,512,457,-565,-135,2,-1323,-30,-200,-200,323,269,377,327,339,140
942,37,435,380,-603,-38,2,-1322,-30,-200,-200,323,269,377,317,351,131
944,19,242,187,-366,299,2,-1333,-30,-145,-145,323,269,377,336,310,113
945,9,160,105,-201,165,2,-1259,-30,-56,-56,323,269,377,313,288,103
946,-2,63,8,-349,-148,2,-1256,-30,38,31,323,269,377,330,310,92
947,-16,-58,-3,-422,-72,2,-1241,-30,83,73,323,269,377,333,262,78
948,-27,-172,-117,-416,5,2,-1244,-30,151,151,323,269,377,317,309,67
950,-36,-320,-265,-354,289,2,-866,-30,200,200,323,295,351,322,305,58
951,-42,-374,-319,-640,-286,2,-614,-30,200,200,323,308,338,304,326,52
952,-5,-199,-144,-370,270,2,-360,-30,200,200,323,321,325,310,312,89
953,-55,-389,-334,-478,-108,2,-122,-30,200,200,323,335,311,300,323,39
955,-60,-555,-500,-293,240,2,343,-30,200,200,323,361,285,290,323,34
956,-50,-525,-470,-44,249,2,549,17,200,200,323,374,272,338,342,44
957,8,-198,-143,282,326,2,707,30,200,200,323,377,269,328,346,102
958,-72,-480,-425,-138,-419,2,838,-30,200,200,323,377,269,298,335,22
960,-79,-724,-669,-190,156,2,1064,-30,200,200,323,377,269,317,353,15
961,-81,-771,-716,-105,86,2,1139,-17,200,200,323,377,269,333,333,13
962,-82,-797,-742,-58,47,2,1176,-9,200,200,323,377,269,359,339,12
963,-82,-810,-755,283,341,2,1260,30,200,200,323,377,269,316,355,12
964,-83,-821,-766,502,219,2,1323,30,200,200,323,377,269,303,336,11
966,-84,-836,-781,380,-311,2,1409,30,200,200,323,377,269,346,356,10
967,-85,-844,-789,209,-171,2,1475,30,200,200,323,377,269,307,334,9
968,-86,-852,-797,776,568,2,1549,30,200,200,323,377,269,365,348,8
969,-85,-851,-796,1052,276,2,1605,30,200,200,323,377,269,387,353,9
971,-85,-850,-795,682,-558,2,1717,30,200,200,323,377,269,349,342,9
972,-85,-850,-795,375,-307,2,1753,30,200,200,323,377,269,321,355,9
973,-85,-850,-795,760,385,2,1754,30,200,200,323,377,269,284,332,9
974,-83,-839,-784,800,41,2,1785,30,200,200,323,377,269,341,341,11
976,-78,-793,-738,467,-382,2,1794,30,200,200,323,377,269,337,326,16
977,-72,-753,-698,257,-210,2,1813,30,200,200,323,377,269,323,338,22
978,-58,-660,-605,546,289,2,1817,30,200,200,323,377,269,371,344,36
979,-43,-536,-481,719,173,2,1815,30,200,200,323,377,269,342,326,51
981,-32,-366,-311,433,-354,2,1805,30,200,200,323,377,269,346,344,62
982,-20,-276,-221,238,-195,2,1773,30,135,135,323,377,269,345,319,74
983,3,-111,-56,455,217,2,1795,30,-7,-7,323,377,269,345,332,97
984,14,25,0,547,92,2,1783,30,-103,-49,323,377,269,344,334,108
986,22,179,124,284,-233,2,1696,30,-200,-200,323,377,269,319,318,116
987,26,223,168,368,84,2,1443,30,-200,-200,323,375,271,263,316,120
988,42,329,274,481,113,2,1141,30,-200,-200,323,361,285,323,307,136
989,50,421,366,535,53,2,844,30,-200,-200,323,347,299,376,282,144
991,42,420,365,107,-88,2,177,17,-200,-200,323,319,327,300,282,136
992,38,399,344,-44,-152,2,-67,-29,-200,-200,323,305,341,296,283,132
993,45,426,371,-150,-106,2,-255,-30,-200,-200,323,291,355,306,262,139
995,70,642,587,-102,-203,2,-543,-30,-200,-200,323,269,377,296,298,164
996,81,733,678,-56,46,2,-643,-9,-200,-200,323,269,377,313,256,175
997,85,796,741,163,219,2,-744,30,-200,-200,323,269,377,317,263,179
998,86,831,776,265,102,2,-810,30,-200,-200,323,269,377,301,286,180
1000,54,601,546,-19,15,1,-911,-2,-200,-200,323,269,377,319,283,148
1001,87,722,667,-10,8,1,-947,-1,-200,-200,323,269,377,317,271,181
1002,89,798,743,84,95,2,-1015,28,-200,-200,323,269,377,310,374,183
1003,90,853,798,100,16,2,-1053,26,-200,-200,323,269,377,324,352,184
1005,90,890,835,50,-41,2,-1101,8,-200,-200,323,269,377,322,291,184
1006,90,895,840,28,-23,2,-1164,4,-200,-200,323,269,377,322,397,184
1007,90,897,842,15,-12,1,-1184,2,-200,-200,323,269,377,327,307,184
1009,69,742,687,-89,73,2,-1158,-14,-200,-200,323,269,377,320,333,163
1010,89,822,767,-49,40,2,-1172,-8,-200,-200,323,269,377,327,335,183
1011,91,870,815,-27,22,2,-1202,-4,-200,-200,323,269,377,315,289,185
1012,91,888,833,-15,12,1,-1223,-2,-200,-200,323,269,377,321,311,185
1014,91,903,848,-5,4,1,-1280,0,-200,-200,323,269,377,315,370,185
1015,91,906,851,-2,2,1,-1305,0,-200,-200,323,269,377,316,316,185
1016,91,908,853,-1,1,1,-1341,0,-200,-200,323,269,377,328,304,185
1017,91,909,854,-1,1,1,-1332,0,-200,-200,323,269,377,320,273,185
1019,91,910,855,0,0,1,-1292,0,-200,-200,323,269,377,321,297,185
1020,91,910,855,0,0,1,-1304,0,-200,-200,323,269,377,320,330,185
1021,91,910,855,0,0,1,-1313,0,-200,-200,323,269,377,314,315,185
1022,3,514,459,0,0,0,-1328,0,-200,-200,323,269,377,328,310,97
1023,-1,278,223,0,0,0,-1328,0,-200,-200,323,269,377,326,325,93
1025,87,691,636,0,0,0,-1319,0,-200,-200,323,269,377,326,307,181
1026,91,790,735,0,0,0,-1299,0,-200,-200,323,269,377,324,286,185
1027,91,844,789,0,0,0,-1280,0,-200,-200,323,269,377,305,327,185
1028,91,874,819,0,0,0,-1266,0,-200,-200,323,269,377,320,339,185
1029,91,890,835,0,0,0,-1254,0,-200,-200,323,269,377,328,281,185
1031,91,904,849,0,0,0,-1219,0,-200,-200,327,272,382,319,302,185
1032,91,907,852,0,0,0,-1239,0,-200,-200,328,273,383,327,335,185
1033,91,908,853,0,0,0,-1218,0,-200,-200,330,274,386,318,340,185
1034,91,909,854,0,0,0,-1213,0,-200,-200,332,276,388,308,360,185
1036,91,910,855,0,0,0,-1255,0,-200,-200,336,279,393,320,324,185
1037,91,910,855,0,0,0,-1251,0,-200,-200,337,280,394,311,325,185
1038,91,910,855,0,0,0,-1241,0,-200,-200,339,282,396,323,261,185
1039,90,905,850,0,0,0,-1256,0,-200,-200,341,284,398,327,310,184
1041,89,894,839,-62,51,2,-1249,-8,-200,-200,323,269,377,321,310,183
1042,89,892,837,-210,-148,2,-1272,-30,-200,-200,323,269,377,325,319,183
1043,89,891,836,-313,-104,2,-1258,-30,-200,-200,323,269,377,310,364,183
1044,86,874,819,-424,-111,2,-1241,-30,-200,-200,323,269,377,324,334,180
1046,81,824,769,-264,216,2,-1218,-30,-200,-200,323,269,377,310,315,175
1047,76,789,734,-145,119,2,-1217,-23,-200,-200,323,269,377,322,330,170
1048,70,741,686,-341,-196,2,-1184,-30,-200,-200,323,269,377,322,258,164
1049,63,681,626,-462,-121,2,-1180,-30,-200,-200,323,269,377,316,333,157
1050,51,589,534,-520,-58,2,-1150,-30,-200,-200,323,269,377,316,308,145
1052,44,471,416,-303,248,2,-1142,-30,-200,-200,323,269,377,328,308,138
1053,38,422,367,-432,-129,2,-1130,-30,-200,-200,323,269,377,315,313,132
1054,30,356,301,-503,-71,2,-1125,-30,-200,-200,323,269,377,332,305,124
1056,22,249,194,-291,238,2,-1110,-30,-149,-149,323,269,377,314,350,116
1057,16,201,146,-403,-112,2,-1106,-30,-93,-93,323,269,377,326,373,110
1058,8,136,81,-465,-62,2,-1090,-30,-29,-29,323,269,377,328,297,102
1059,-1,57,2,-476,-11,2,-1090,-30,41,41,323,269,377,320,274,93
1061,-8,-51,0,-260,213,2,-1063,-30,98,98,323,283,363,331,359,86
1062,-14,-99,-44,-346,-85,2,-888,-30,102,102,323,296,350,304,364,80
1063,-21,-159,-104,-402,-56,2,-608,-30,116,116,323,309,337,310,313,73
1064,-31,-241,-186,-441,-40,2,-337,-30,160,160,323,322,324,302,331,63
1066,-35,-327,-272,-173,272,2,243,-13,200,200,323,349,297,279,347,59
1067,-37,-350,-295,-95,78,2,495,-15,200,200,323,362,284,283,351,57
1068,-36,-355,-300,-201,-106,2,711,-30,200,200,323,376,270,311,340,58
1069,-30,-326,-271,-218,-18,2,882,-30,158,158,323,377,269,265,354,64
1070,-27,-296,-241,-201,17,2,1049,-30,105,105,323,377,269,284,355,67
1072,-23,-244,-189,-100,82,2,1305,-16,26,26,323,377,269,353,367,71
1073,-19,-215,-160,-55,45,2,1402,-9,-8,-8,323,368,278,290,351,75
1074,-2,-110,-55,73,128,2,1504,30,-58,-58,323,354,292,276,366,92
1075,-18,-148,-93,-108,-181,2,1529,-30,-112,-112,323,340,306,288,372,76
1076,4,-46,0,-91,17,2,1400,-21,-159,-154,323,326,320,284,343,98
1078,11,77,22,-45,37,2,833,-7,-147,-147,323,298,348,318,340,105
1079,16,122,67,-25,20,1,579,-3,-132,-132,323,285,361,311,318,110
1080,18,148,93,-41,-16,1,310,-8,-122,-122,323,281,365,325,315,112
1081,17,160,105,-63,-22,2,29,-16,-112,-112,323,280,366,342,317,111
1082,16,160,105,-71,-8,2,-201,-18,-94,-94,323,280,366,334,354,110
1084,14,144,89,-41,34,2,-487,-6,-36,-36,323,292,354,345,309,108
1085,11,126,71,-81,-40,2,-653,-25,-7,-7,323,299,347,340,293,105
1086,5,85,30,-90,-8,2,-779,-24,31,31,323,304,342,344,332,99
1087,1,44,0,-94,-5,2,-779,-24,55,55,323,314,332,346,318,95
1089,-4,-22,0,-53,44,2,-449,-9,58,58,323,329,317,330,326,90
1090,-9,-59,-4,-83,-30,2,-216,-24,31,31,323,328,318,321,353,85
1091,-11,-86,-31,-82,1,2,23,-21,11,11,323,327,319,313,358,83
1093,-11,-105,-50,-15,61,2,522,3,-27,-27,323,325,321,307,376,83
1094,-10,-103,-48,-8,7,0,700,-1,-45,-45,323,325,321,309,379,84
1095,-13,-115,-60,-140,-131,2,695,-30,-67,-67,323,318,328,305,366,81
1096,1,-48,0,-95,45,2,616,-18,-85,-85,323,311,335,331,368,95
1097,6,11,0,-66,29,2,552,-13,-89,-89,323,305,341,332,349,100
1099,10,81,26,-22,18,1,166,-3,-61,-61,323,301,345,351,347,104
1100,11,94,39,-21,1,0,-41,-3,-45,-45,323,306,340,356,326,105
1101,11,101,46,-21,1,0,-177,-3,-31,-31,323,310,336,342,338,105
1102,9,96,41,-25,-4,1,-353,-4,-12,-12,323,313,333,367,335,103
1104,7,77,22,-17,14,1,-494,-2,26,26,323,317,329,347,354,101
1105,2,51,0,-10,8,0,-393,-1,34,34,323,318,328,355,355,96
1106,-1,24,0,-32,-23,2,-243,-8,30,30,323,319,327,347,349,93
1107,-3,-5,0,-49,-17,2,-69,-13,14,14,323,320,326,328,363,91
1108,-4,-24,0,-54,-5,1,91,-11,-2,-2,323,321,325,337,381,90
1109,-4,-33,0,-57,-3,1,306,-10,-22,-22,323,321,325,335,367,90
1111,-3,-31,0,-12,10,1,555,-1,-57,-57,323,317,329,325,390,91
1112,-1,-21,0,-7,5,0,520,-1,-62,-62,323,314,332,340,360,93
1113,4,6,0,5,12,1,417,2,-59,-59,323,312,334,335,368,98
1114,7,35,0,12,7,0,308,2,-53,-53,323,314,332,348,371,101
1115,9,60,5,20,8,1,173,4,-42,-42,323,316,330,360,343,103
1116,10,78,23,25,4,1,-7,4,-29,-29,323,318,328,357,353,104
1118,10,94,39,27,-22,1,-195,3,-2,-2,323,320,326,366,353,104
1119,9,92,37,15,-12,1,-265,2,7,7,323,320,326,360,354,103
1120,7,82,27,13,-2,0,-232,2,12,12,324,322,326,362,356,101
1121,6,72,17,3,-10,0,-146,0,12,12,323,321,325,353,366,100
1122,6,67,12,-3,-6,0,-32,-1,8,8,324,323,325,350,380,100
1123,6,64,9,-11,-8,1,84,-2,0,0,323,322,324,356,366,100
1125,0,16,0,-55,45,2,307,-8,-40,-40,323,322,324,338,392,94
1126,10,61,6,-30,25,2,363,-5,-51,-51,323,323,323,353,373,104
1127,12,93,38,-21,9,1,371,-3,-61,-61,323,318,328,347,388,106
1128,15,119,64,56,77,2,342,21,-64,-64,323,313,333,350,383,109
1129,19,157,102,58,2,1,247,11,-75,-75,323,309,337,367,360,113
1131,22,204,149,5,-4,0,23,1,-108,-108,323,298,348,361,357,116
1132,24,220,165,25,20,2,-137,7,-114,-114,323,293,353,378,350,118
1133,24,229,174,23,-2,1,-315,4,-109,-109,323,290,356,367,355,118
1134,23,230,175,35,12,2,-445,9,-100,-100,323,288,358,379,340,117
1136,8,112,57,-49,40,2,-716,-8,-8,-8,323,297,349,377,342,102
1137,12,116,61,-27,22,1,-807,-3,24,24,323,303,343,384,343,106
1138,10,109,54,-15,12,1,-855,-2,47,47,323,307,339,383,338,104
1139,6,87,32,28,43,2,-749,10,70,70,323,318,328,373,361,100
1140,16,120,65,33,5,1,-497,7,57,57,323,324,322,380,375,110
1142,-3,2,0,-20,16,1,181,-2,7,7,323,324,322,360,422,91
1143,-5,-22,0,-11,9,0,439,-1,-16,-16,323,323,323,341,397,89
1144,-2,-21,0,53,63,2,637,17,-41,-41,323,323,323,304,394,92
1145,17,82,27,191,138,2,747,30,-66,-66,323,317,329,302,359,111
1147,13,120,65,107,-88,2,625,17,-103,-103,323,303,343,309,346,107
1148,19,158,103,59,-48,2,460,9,-121,-121,323,295,351,328,323,113
1149,22,191,136,91,32,2,298,27,-128,-128,323,287,359,354,348,116
1150,21,201,146,50,-41,2,91,8,-135,-135,323,281,365,367,357,115
1152,21,208,153,15,-12,1,-324,2,-106,-106,323,278,368,353,310,115
1153,19,200,145,13,-2,0,-453,2,-83,-83,323,281,365,325,291,113
1154,18,191,136,79,66,2,-557,23,-49,-49,323,290,356,330,292,112
1155,14,163,108,25,-54,2,-717,0,-17,-17,323,298,348,340,261,108
1157,8,101,46,40,-33,2,-948,6,71,71,323,315,331,328,275,102
1158,4,68,13,22,-18,1,-803,3,85,85,323,325,321,322,285,98
1159,-2,28,0,57,35,2,-586,17,89,89,323,334,312,300,295,92
1160,12,78,23,180,123,2,-366,30,81,81,323,340,306,276,301,106
1162,-11,-70,-15,139,-113,2,113,22,39,39,323,339,307,268,295,83
1163,-12,-97,-42,76,-62,2,348,12,14,14,323,336,310,242,303,82
1164,-12,-109,-54,159,83,2,553,30,2,2,323,333,313,228,307,82
1165,-7,-88,-33,222,63,2,738,30,-30,-30,323,331,315,226,294,87
1167,-1,-27,0,137,-112,2,782,22,-78,-78,323,315,331,237,288,93
1168,4,9,0,75,-61,2,667,12,-82,-82,323,309,337,238,284,98
1169,15,85,30,190,115,2,509,30,-69,-69,323,305,341,252,258,109
1170,17,131,76,199,9,2,317,30,-68,-68,323,303,343,257,252,111
1172,18,170,115,117,-96,2,-138,19,-64,-64,323,299,347,257,234,112
1173,17,170,115,168,51,2,-282,30,-45,-45,323,305,341,265,217,111
1174,13,148,93,191,23,2,-376,30,-15,-15,323,309,337,258,221,107
1176,9,102,47,264,37,2,-488,30,49,49,323,314,332,245,233,103
1177,6,79,24,145,-119,2,-425,23,60,60,323,323,323,246,229,100
1178,4,58,3,215,70,2,-279,30,64,64,323,330,316,231,230,98
1179,2,38,0,280,65,2,-120,30,56,56,323,334,312,223,242,96
1181,2,24,0,168,-162,2,285,24,8,8,323,330,316,193,247,96
1182,2,22,0,92,-76,2,481,15,-26,-26,323,328,318,189,237,96
1183,4,32,0,51,-42,2,598,8,-55,-55,323,322,324,189,245,98
1184,17,106,51,145,94,2,645,30,-74,-74,323,315,331,195,237,111
1185,20,157,102,246,101,2,577,30,-102,-102,323,306,340,196,237,114
1187,26,238,183,52,-214,2,309,-11,-193,-193,323,281,365,206,202,120
1188,32,282,227,28,-23,2,91,5,-200,-200,323,269,377,213,189,126
1189,35,319,264,164,136,2,-115,30,-200,-200,323,269,377,210,180,129
1190,36,341,286,239,75,2,-296,30,-200,-200,323,269,377,203,173,130
1192,35,348,293,161,-132,2,-709,26,-192,-192,323,269,377,210,126,129
1193,31,328,273,89,-73,2,-864,14,-162,-162,323,269,377,203,126,125
1194,9,199,144,-19,-107,2,-992,-17,-95,-95,323,269,377,204,121,103
1195,17,186,131,179,197,2,-1104,30,-19,-19,323,269,377,194,117,111
1197,14,150,95,163,-133,2,-1150,26,68,68,323,281,365,189,128,108
1198,10,123,68,90,-73,2,-1044,14,84,84,323,294,352,183,134,104
1199,-12,-8,0,49,-40,2,-890,8,106,106,323,308,338,178,143,82
1200,1,2,0,518,468,2,-708,30,118,118,323,321,325,158,136,95
1202,1,8,0,342,-280,2,-215,30,83,83,323,347,299,118,152,95
1203,2,15,0,188,-154,2,13,30,54,54,323,344,302,114,151,96
1204,6,39,0,608,419,2,240,30,23,23,323,339,307,103,157,100
1205,9,67,12,667,60,2,415,30,-9,-9,323,336,310,99,152,103
1206,15,112,57,848,181,2,509,30,-46,-46,323,333,313,100,148,109
1208,19,173,118,405,-331,2,451,30,-109,-109,323,311,335,119,130,113
1209,26,220,165,416,11,2,323,30,-143,-143,323,299,347,119,120,120
1210,33,279,224,436,20,2,160,30,-183,-183,323,285,361,119,108,127
1211,35,318,263,460,24,2,-26,30,-200,-200,323,271,375,113,95,129
1213,35,343,288,216,-177,2,-356,30,-200,-200,323,269,377,121,84,129
1214,33,336,281,366,150,2,-474,30,-200,-200,323,269,377,117,73,127
1215,32,327,272,615,249,2,-559,30,-183,-183,323,269,377,117,71,126
1217,31,314,259,419,-343,2,-640,30,-150,-150,323,269,377,114,70,125
1218,30,306,251,230,-188,2,-664,30,-138,-138,323,269,377,108,63,124
1219,28,292,237,577,346,2,-682,30,-123,-123,323,269,377,104,57,122
1220,26,275,220,736,159,2,-680,30,-108,-108,323,269,377,97,63,120
1222,24,247,192,433,-354,2,-649,30,-83,-83,323,269,377,97,62,118
1223,21,227,172,652,219,2,-640,30,-67,-67,323,270,376,96,60,115
1224,20,213,158,755,103,2,-601,30,-51,-51,323,282,364,93,63,114
1225,19,200,145,892,137,2,-530,30,-41,-41,323,291,355,88,66,113
1227,19,192,137,537,-439,2,-356,30,-40,-40,323,304,342,83,72,113
1228,19,191,136,781,244,2,-283,30,-47,-47,323,308,338,77,78,113
1229,19,190,135,911,130,2,-235,30,-53,-53,323,311,335,75,71,113
1230,19,190,135,978,67,2,-203,30,-58,-58,323,308,338,73,68,113
1232,19,190,135,556,-455,2,-165,30,-65,-65,323,303,343,64,63,113
1233,20,195,140,306,-250,2,-150,30,-72,-72,323,300,346,63,60,114
1234,20,198,143,632,326,2,-140,30,-77,-77,323,298,348,63,53,114
1235,20,199,144,806,175,2,-139,30,-81,-81,323,295,351,62,52,114
1237,20,200,145,452,-370,2,-140,30,-83,-83,323,292,354,58,51,114
1238,20,200,145,249,-203,2,-142,30,-84,-84,323,290,356,55,46,114
1239,20,200,145,506,257,2,-143,30,-84,-84,323,289,357,53,45,114
1240,20,200,145,647,141,2,-145,30,-84,-84,323,288,358,50,41,114
1242,21,208,153,394,-322,2,-137,30,-92,-92,323,286,360,44,38,115
1243,21,209,154,217,-177,2,-136,30,-94,-94,323,285,361,47,34,115
1244,21,210,155,475,258,2,-137,30,-96,-96,323,283,363,39,31,115
1245,21,210,155,617,142,2,-133,30,-97,-97,323,282,364,37,30,115
1247,22,218,163,424,-347,2,-127,30,-106,-106,323,280,366,33,26,116
1248,22,219,164,233,-191,2,-123,30,-109,-109,323,278,368,30,25,116
1249,22,220,165,556,323,2,-122,30,-111,-111,323,277,369,29,23,116
1250,22,220,165,733,177,2,-119,30,-113,-113,323,275,371,27,30,116
1252,22,220,165,457,-374,2,-112,30,-114,-114,323,273,373,23,17,116
1253,21,215,160,251,-206,2,-107,30,-111,-111,323,273,373,20,17,115
1254,21,212,157,512,260,2,-100,30,-109,-109,323,273,373,19,15,115
1255,21,211,156,650,139,2,-92,30,-107,-107,323,273,373,16,13,115
1257,21,210,155,400,-327,2,-73,30,-107,-107,323,273,373,12,10,115
1258,21,210,155,220,-180,2,-65,30,-108,-108,323,273,373,10,8,115
1259,21,210,155,485,266,2,-56,30,-109,-109,323,273,373,3,7,115
1260,21,210,155,631,146,2,-47,30,-110,-110,323,273,373,4,5,115
1262,21,210,155,391,-320,2,-31,30,-113,-113,323,272,374,2,2,115
1263,21,210,155,215,-176,2,-22,30,-114,-114,323,272,374,1,1,115
1264,21,210,155,483,268,2,-14,30,-115,-115,323,271,375,-1,0,115
1265,21,210,155,630,147,2,-9,30,-116,-116,323,271,375,-1,0,115
1267,21,210,155,391,-320,2,-1,30,-117,-117,323,270,376,-1,-1,115
1268,21,210,155,215,-176,2,1,30,-118,-118,323,269,377,0,-1,115
1269,21,210,155,483,268,2,3,30,-118,-118,323,269,377,0,-1,115
1270,21,210,155,630,147,2,2,30,-118,-118,323,269,377,0,0,115
1272,21,210,155,391,-320,2,1,30,-118,-118,323,269,377,0,0,115
1273,21,210,155,215,-176,2,0,30,-118,-118,323,269,377,0,0,115
1274,21,210,155,487,272,2,0,30,-118,-118,323,269,377,0,0,115
1275,21,210,155,628,141,2,0,30,-118,-118,323,269,377,0,0,115
1277,21,210,155,390,-319,2,0,30,-118,-118,323,269,377,0,0,115
1278,21,210,155,215,-176,2,0,30,-118,-118,323,269,377,0,0,115
1279,21,210,155,483,268,2,0,30,-118,-118,323,269,377,0,0,115
1280,21,210,155,634,152,2,0,30,-118,-118,323,269,377,0,0,115
1281,21,210,155,718,84,2,0,30,-118,-118,323,269,377,0,0,115
1283,21,210,155,420,-344,2,0,30,-118,-118,323,269,377,0,0,115
1284,21,210,155,600,180,2,0,30,-118,-118,323,269,377,0,0,115
1285,21,210,155,695,94,2,0,30,-118,-118,323,269,377,0,0,115
1286,21,210,155,742,47,2,0,30,-118,-118,323,269,377,0,0,115
1288,21,210,155,427,-350,2,0,30,-118,-118,323,269,377,0,0,115
1289,21,210,155,235,-192,2,0,30,-118,-118,323,269,377,0,0,115
1290,21,210,155,498,263,2,0,30,-118,-118,323,269,377,0,0,115
1291,21,210,155,643,145,2,0,30,-118,-118,323,269,377,0,0,115
1293,21,210,155,397,-325,2,0,30,-118,-118,323,269,377,0,0,115
1294,21,210,155,219,-179,2,0,30,-118,-118,323,269,377,0,0,115
1295,21,210,155,485,266,2,0,30,-118,-118,323,269,377,0,0,115
1296,21,210,155,636,151,2,0,30,-118,-118,323,269,377,0,0,115
1297,21,210,155,719,83,2,0,30,-118,-118,323,269,377,0,0,115
1299,21,210,155,420,-344,2,0,30,-118,-118,323,269,377,0,0,115
1300,21,210,155,596,175,2,0,30,-118,-118,323,269,377,0,0,115
1301,21,210,155,692,96,2,0,30,-118,-118,323,269,377,0,0,115
1302,21,210,155,745,53,2,0,30,-118,-118,323,269,377,0,0,115
1304,21,210,155,426,-348,2,0,30,-118,-118,323,269,377,0,0,115
1305,21,210,155,234,-192,2,0,30,-118,-118,323,269,377,0,0,115
1306,21,210,155,489,255,2,0,30,-118,-118,323,269,377,0,0,115
1307,21,210,155,633,145,2,0,30,-118,-118,323,269,377,0,0,115
1309,21,210,155,395,-323,2,-1,30,-118,-118,323,269,377,0,0,115
1310,21,210,155,217,-178,2,-1,30,-118,-118,323,269,377,0,0,115
1311,21,210,155,488,271,2,0,30,-118,-118,323,269,377,0,0,115
1312,21,210,155,633,145,2,0,30,-118,-118,323,269,377,0,0,115
1314,21,210,155,759,50,2,0,30,-118,-118,323,269,377,0,0,115
1315,21,210,155,417,-341,2,0,30,-118,-118,323,269,377,0,0,115
1316,21,210,155,598,181,2,0,30,-118,-118,323,269,377,0,0,115
1317,21,210,155,698,100,2,0,30,-118,-118,323,269,377,0,0,115
1318,21,210,155,748,50,2,0,30,-118,-118,323,269,377,0,0,115
1320,21,210,155,427,-349,2,0,30,-118,-118,323,269,377,0,0,115
1321,21,210,155,235,-192,2,0,30,-118,-118,323,269,377,0,0,115
1322,21,210,155,494,259,2,0,30,-118,-118,323,269,377,0,0,115
1323,21,210,155,636,142,2,0,30,-118,-118,323,269,377,0,0,115
1325,21,210,155,395,-323,2,0,30,-118,-118,323,269,377,0,0,115
1326,21,210,155,217,-178,2,1,30,-118,-118,323,269,377,0,0,115
1327,21,210,155,489,271,2,0,30,-118,-118,323,269,377,0,0,115
1328,21,210,155,633,145,2,0,30,-118,-118,323,269,377,0,0,115
1330,21,210,155,395,-323,2,0,30,-118,-118,323,269,377,0,0,115
1331,21,210,155,217,-178,2,0,30,-118,-118,323,269,377,0,0,115
1332,21,210,155,484,267,2,0,30,-118,-118,323,269,377,0,0,115
1333,21,210,155,631,147,2,0,30,-118,-118,323,269,377,0,0,115
1334,21,210,155,716,85,2,0,30,-118,-118,323,269,377,0,0,115
1336,21,210,155,417,-341,2,0,30,-118,-118,323,269,377,0,0,115
1337,21,210,155,594,177,2,0,30,-118,-118,323,269,377,0,0,115
1338,21,210,155,696,102,2,0,30,-118,-118,323,269,377,0,0,115
1339,21,210,155,747,51,2,0,30,-118,-118,323,269,377,0,0,115
1341,21,210,155,429,-351,2,0,30,-118,-118,323,269,377,0,0,115
1342,21,210,155,236,-193,2,0,30,-118,-118,323,269,377,0,0,115
1343,21,210,155,494,258,2,0,30,-118,-118,323,269,377,0,0,115
1344,21,210,155,636,142,2,0,30,-118,-118,323,269,377,0,0,115
1346,21,210,155,393,-322,2,0,30,-118,-118,323,269,377,0,0,115
1347,21,210,155,216,-177,2,0,30,-118,-118,323,269,377,0,0,115
1348,21,210,155,483,267,2,0,30,-118,-118,323,269,377,0,0,115
1349,21,210,155,630,147,2,0,30,-118,-118,323,269,377,0,0,115
1350,21,210,155,711,81,2,0,30,-118,-118,323,269,377,0,0,115
1352,21,210,155,416,-340,2,0,30,-118,-118,323,269,377,0,0,115
