02
263,12,87,47,-494,-284,2,727,-30,-166,-166,323,280,366,279,320,106
264,16,126,86,-621,-126,2,557,-30,-170,-170,323,270,376,296,396,110
266,17,161,121,-640,160,2,197,-30,-159,-159,323,269,377,301,295,111
267,16,160,120,-384,256,2,-7,-30,-138,-138,323,269,377,319,367,110
268,16,160,120,-594,-210,2,-151,-30,-114,-114,323,269,377,316,410,110
269,12,138,98,-717,-122,2,-279,-30,-83,-83,323,269,377,307,319,106
271,7,84,44,-474,316,2,-514,-30,-9,-9,323,288,358,320,313,101
272,1,44,4,-284,190,2,-599,-25,26,26,323,296,350,317,339,95
273,-5,-7,0,-495,-210,2,-674,-30,51,51,323,302,344,313,375,89
274,-11,-62,-22,-601,-106,2,-670,-30,69,69,323,314,332,328,305,83
275,-20,-137,-97,-680,-80,2,-524,-30,89,89,323,326,320,317,300,74
277,-21,-194,-154,-394,263,2,-69,-30,95,95,323,344,302,299,343,73
278,-37,-289,-249,-236,158,2,196,-30,116,116,323,353,293,293,335,57
279,-42,-360,-320,-418,-181,2,456,-30,137,137,323,362,284,279,353,52
280,-43,-398,-358,-519,-101,2,708,-30,145,145,323,371,275,293,374,51
282,-43,-423,-383,-300,247,2,1026,-30,130,130,323,377,269,286,360,51
283,-38,-400,-360,-180,120,2,1139,-26,95,95,323,377,269,263,362,56
284,-35,-373,-333,-360,-180,2,1273,-30,51,51,323,367,279,281,349,59
285,-32,-344,-304,-480,-120,2,1374,-30,13,13,323,357,289,277,364,62
287,-22,-261,-221,-611,-59,2,1551,-30,-53,-53,323,344,302,258,359,72
288,-22,-239,-199,-367,244,2,1588,-30,-84,-84,323,331,315,270,373,72
289,-18,-207,-167,-504,-137,2,1469,-30,-104,-104,323,319,327,283,356,76
290,-15,-176,-136,-594,-90,2,1250,-30,-111,-111,323,308,338,293,350,79
292,-13,-140,-100,-448,205,2,730,-30,-92,-92,323,297,349,319,324,81
293,-13,-135,-95,-269,179,2,456,-30,-67,-67,323,296,350,328,318,81
294,-16,-148,-108,-457,-189,2,214,-30,-32,-32,323,302,344,319,323,78
295,-21,-182,-142,-566,-109,2,-17,-30,19,19,323,306,340,336,319,73
296,1,-78,-38,-344,223,2,-193,-30,18,18,323,310,336,339,302,95
298,-40,-332,-292,-275,183,2,-420,-30,173,173,323,337,309,346,327,54
299,-47,-406,-366,-165,110,2,-295,-24,200,200,323,350,296,332,320,47
300,-53,-473,-433,-423,-258,2,-131,-30,200,200,323,363,283,315,346,41
301,2,-207,-167,26,449,2,80,30,200,200,323,377,269,317,363,96
303,-55,-463,-423,-198,-301,2,474,-30,200,200,323,377,269,295,359,39
304,-67,-575,-535,-119,79,2,632,-17,200,200,323,377,269,301,366,27
305,-70,-642,-602,-323,-205,2,767,-30,200,200,323,377,269,312,351,24
306,-71,-679,-639,-442,-119,2,877,-30,200,200,323,377,269,287,361,23
307,-74,-712,-672,-497,-55,2,998,-30,200,200,323,377,269,292,366,20
309,-76,-750,-710,-313,209,2,1127,-30,200,200,323,377,269,286,368,18
310,-77,-761,-721,-188,125,2,1215,-27,200,200,323,377,269,281,352,17
311,-78,-771,-731,-321,-133,2,1284,-30,200,200,323,377,269,294,359,16
312,-29,-511,-471,-192,128,2,1378,-28,200,200,323,377,269,317,373,65
313,-78,-656,-616,-311,-119,2,1446,-30,200,200,323,377,269,327,351,16
315,-80,-770,-730,-230,153,2,1545,-30,200,200,323,377,269,292,375,14
316,-81,-791,-751,-138,92,2,1597,-20,200,200,323,377,269,308,346,13
317,-81,-801,-761,-247,-109,2,1622,-30,200,200,323,377,269,274,358,13
318,-78,-790,-750,-276,-29,2,1635,-30,200,200,323,377,269,301,369,16
319,-78,-785,-745,-326,-50,2,1634,-30,200,200,323,377,269,348,341,16
321,-79,-789,-749,-232,155,2,1642,-30,200,200,323,377,269,260,361,15
322,-79,-789,-749,-139,93,2,1635,-20,200,200,323,377,269,307,341,15
323,-79,-790,-750,-280,-140,2,1605,-30,200,200,323,377,269,341,346,15
324,-78,-784,-744,-368,-88,2,1599,-30,200,200,323,377,269,298,359,16
325,-77,-777,-737,-425,-57,2,1613,-30,200,200,323,377,269,288,336,17
327,-77,-771,-731,-275,184,2,1619,-30,200,200,323,377,269,335,355,17
328,-77,-771,-731,-165,110,2,1624,-24,200,200,323,377,269,283,338,17
329,-76,-765,-725,-303,-138,2,1616,-30,200,200,323,377,269,283,346,18
330,-75,-757,-717,-394,-91,2,1614,-30,200,200,323,377,269,329,350,19
331,-74,-748,-708,-452,-58,2,1595,-30,200,200,323,377,269,344,329,20
333,-73,-734,-694,-295,197,2,1620,-30,200,200,323,377,269,302,350,21
334,-72,-726,-686,-401,-106,2,1623,-30,200,200,323,377,269,298,332,22
335,-71,-718,-678,-473,-72,2,1623,-30,200,200,323,377,269,271,343,23
336,-70,-708,-668,-524,-51,2,1600,-30,200,200,323,377,269,293,343,24
338,-69,-694,-654,-556,-2,2,1588,-30,200,200,323,377,269,332,338,25
339,-68,-686,-646,-334,223,2,1577,-30,200,200,323,377,269,314,345,26
340,-67,-678,-638,-452,-118,2,1595,-30,193,193,323,377,269,309,328,27
341,-64,-657,-617,-491,-39,2,1584,-30,187,187,323,377,269,305,338,30
342,-64,-648,-608,-563,-71,2,1582,-30,180,180,323,377,269,303,344,30
344,-63,-634,-594,-366,244,2,1612,-30,161,161,323,377,269,298,336,31
345,-59,-610,-570,-219,146,2,1660,-30,149,149,323,377,269,370,348,35
346,-56,-583,-543,-160,60,2,1676,-27,138,138,323,377,269,357,321,38
347,-53,-554,-514,24,184,2,1765,22,145,145,323,377,269,315,341,41
349,-53,-537,-497,37,62,1,1859,10,85,85,323,377,269,365,326,41
350,-50,-517,-477,22,-15,1,1866,2,61,61,323,377,269,336,331,44
351,-12,-338,-298,13,-9,0,1869,1,25,25,324,377,271,327,339,82
352,-38,-357,-317,76,63,2,1876,17,7,7,323,364,282,356,319,56
353,-37,-364,-324,282,206,2,1851,30,0,0,323,354,292,298,327,57
354,-33,-346,-306,193,-89,2,1773,29,-6,-6,323,347,299,273,339,61
356,-26,-278,-238,84,-56,2,1281,12,-1,-1,323,338,308,268,310,68
357,-23,-252,-212,50,-34,1,1031,6,0,0,323,334,312,274,316,71
358,-22,-235,-195,78,28,1,834,14,7,7,323,332,314,291,305,72
359,-23,-232,-192,127,49,2,704,26,23,23,323,330,316,303,308,71
360,-23,-231,-191,176,49,2,599,30,42,42,323,328,318,287,319,71
362,-24,-238,-198,107,-71,2,509,15,66,66,323,338,308,301,316,70
363,-25,-245,-205,64,-43,2,491,9,71,71,323,343,303,293,327,69
364,1,-107,-67,86,22,2,512,20,34,34,323,338,308,301,336,95
365,-23,-173,-133,196,109,2,599,30,27,27,323,335,311,296,332,71
367,-23,-218,-178,174,-116,2,783,25,24,24,323,330,316,285,352,71
368,-20,-208,-168,104,-69,2,863,15,6,6,323,329,317,297,337,74
369,1,-90,-50,207,102,2,911,30,-30,-30,323,327,319,293,349,95
370,-3,-58,-18,332,125,2,939,30,-67,-67,323,320,326,284,358,91
372,4,19,0,237,-158,2,792,21,-97,-97,323,304,342,312,347,98
373,4,30,0,142,-95,2,630,12,-95,-95,323,299,347,325,346,98
374,24,144,104,265,123,2,423,30,-97,-97,323,294,352,328,319,118
375,29,223,183,335,70,2,210,30,-114,-114,323,289,357,336,332,123
376,32,275,235,357,22,2,-14,30,-131,-131,323,283,363,344,318,126
378,35,334,294,222,-148,2,-383,30,-143,-143,323,271,375,348,317,129
379,36,348,308,321,99,2,-522,30,-138,-138,323,269,377,348,315,130
380,39,371,331,377,55,2,-652,30,-134,-134,323,269,377,348,295,133
381,40,387,347,378,1,2,-750,30,-129,-129,323,269,377,358,305,134
383,41,405,365,242,-161,2,-888,30,-115,-115,323,269,377,350,294,135
384,43,419,379,145,-97,2,-967,21,-114,-114,323,269,377,355,311,137
385,45,436,396,255,110,2,-1001,30,-113,-113,323,269,377,348,346,139
386,47,454,414,317,62,2,-1013,30,-119,-119,323,269,377,346,316,141
388,48,475,435,217,-145,2,-1067,30,-125,-125,323,269,377,342,309,142
389,49,483,443,130,-87,2,-1051,19,-134,-134,323,269,377,351,315,143
390,54,514,474,246,116,2,-1080,30,-148,-148,323,269,377,353,282,148
391,55,533,493,312,66,2,-1128,30,-160,-160,323,269,377,347,312,149
393,44,460,420,-68,-115,2,-1128,-25,-160,-160,323,269,377,361,292,138
394,60,535,495,-41,27,1,-1137,-5,-167,-167,323,269,377,341,295,154
395,63,587,547,112,152,2,-1136,30,-184,-184,323,269,377,352,335,157
396,66,626,586,199,87,2,-1133,30,-200,-200,323,269,377,351,307,160
397,69,661,621,251,52,2,-1148,30,-200,-200,323,269,377,331,281,163
399,69,684,644,158,-105,2,-1177,23,-200,-200,323,269,377,351,334,163
400,74,714,674,207,49,2,-1168,30,-200,-200,323,269,377,336,273,168
401,82,771,731,304,97,2,-1181,30,-200,-200,323,269,377,343,327,176
402,83,803,763,350,46,2,-1177,30,-200,-200,323,269,377,344,393,177
404,80,801,761,181,-121,2,-1177,26,-200,-200,323,269,377,330,283,174
405,86,833,793,109,-73,2,-1161,16,-200,-200,323,269,377,335,351,180
406,84,837,797,141,32,2,-1142,30,-200,-200,323,269,377,318,295,178
407,87,855,815,193,51,2,-1158,30,-200,-200,323,269,377,336,266,181
409,88,875,835,129,-86,2,-1149,19,-200,-200,323,269,377,322,369,182
410,89,883,843,78,-52,2,-1154,11,-200,-200,323,269,377,328,293,183
411,89,887,847,107,29,2,-1148,25,-200,-200,323,269,377,327,300,183
412,90,894,854,112,5,2,-1143,24,-200,-200,323,269,377,316,388,184
413,90,897,857,103,-9,2,-1176,21,-200,-200,323,269,377,319,357,184
415,90,899,859,54,-36,2,-1189,8,-200,-200,323,269,377,322,347,184
416,90,900,860,32,-22,1,-1190,4,-200,-200,323,269,377,312,336,184
417,90,900,860,19,-13,1,-1213,2,-200,-200,323,269,377,326,308,184
418,90,900,860,12,-8,1,-1228,1,-200,-200,323,269,377,317,340,184
419,90,900,860,7,-5,0,-1249,1,-200,-200,323,269,377,304,410,184
421,90,900,860,3,-2,0,-1287,0,-200,-200,323,269,377,321,306,184
422,90,900,860,2,-1,0,-1291,0,-200,-200,323,269,377,298,293,184
423,90,900,860,1,-1,0,-1295,0,-200,-200,323,269,377,308,374,184
424,91,904,864,1,0,0,-1279,0,-200,-200,323,269,377,320,303,185
425,91,907,867,0,0,0,-1316,0,-200,-200,323,269,377,303,252,185
426,91,908,868,0,0,0,-1311,0,-200,-200,323,269,377,302,336,185
427,91,909,869,0,0,0,-1268,0,-200,-200,323,269,377,302,391,185
429,91,910,870,0,0,0,-1309,0,-195,-195,324,269,379,303,272,185
430,91,910,870,0,0,0,-1288,0,-187,-187,326,271,381,303,392,185
431,90,905,865,0,0,0,-1289,0,-179,-179,328,273,383,309,395,184
432,89,898,858,-96,-96,2,-1305,-15,-200,-200,323,269,377,294,269,183
433,89,894,854,-202,-106,2,-1312,-30,-200,-200,323,269,377,302,298,183
434,87,881,841,-301,-99,2,-1373,-30,-200,-200,323,269,377,299,407,181
436,83,841,801,-216,144,2,-1479,-30,-200,-200,323,269,377,292,383,177
437,75,792,752,-130,87,2,-1467,-18,-200,-200,323,269,377,295,428,169
438,67,726,686,-274,-144,2,-1459,-30,-200,-200,323,269,377,291,356,161
439,60,658,618,-360,-86,2,-1496,-30,-200,-200,323,269,377,282,280,154
440,47,556,516,-420,-60,2,-1519,-30,-200,-200,323,269,377,293,311,141
442,37,409,369,-264,176,2,-1555,-30,-170,-170,323,269,377,282,422,131
443,30,350,310,-158,106,2,-1572,-23,-116,-116,323,269,377,275,320,124
444,24,291,251,-279,-121,2,-1585,-30,-69,-69,323,269,377,287,276,118
445,16,220,180,-351,-72,2,-1616,-30,-12,-12,323,269,377,292,341,110
446,5,128,88,-427,-75,2,-1587,-30,51,51,323,269,377,271,362,99
448,-4,-4,0,-242,162,2,-1347,-21,148,127,323,295,351,283,249,90
449,-10,-56,-16,-145,97,2,-1046,-21,149,149,323,309,337,272,252,84
450,-17,-118,-78,-235,-90,2,-744,-30,136,136,323,322,324,252,299,77
451,-22,-173,-133,-269,-34,2,-397,-30,128,128,323,335,311,269,361,72
453,-24,-226,-186,-159,106,2,209,-23,102,102,323,362,284,276,292,70
454,-24,-233,-193,-96,64,2,470,-14,82,82,323,366,280,247,306,70
455,-23,-232,-192,-133,-38,2,737,-30,39,39,323,357,289,257,320,71
456,-19,-209,-169,-44,89,2,971,-1,-3,-3,323,349,297,285,311,75
457,-16,-183,-143,-54,-10,1,1146,-10,-50,-50,323,343,303,242,321,78
459,-8,-102,-62,-44,29,1,1306,-4,-112,-112,323,320,326,250,320,86
460,-2,-58,-18,-26,17,1,1158,-3,-132,-132,323,310,336,266,321,92
461,3,-18,0,-36,-10,0,916,-5,-135,-135,323,302,344,289,325,97
462,8,35,0,-29,6,0,661,-3,-125,-125,323,297,349,289,297,102
463,9,65,25,-18,12,0,411,-1,-109,-109,324,296,352,306,305,103
464,9,76,36,-19,-1,0,159,-2,-90,-90,325,296,354,319,305,103
466,9,86,46,46,-31,1,-241,4,-28,-28,323,306,340,318,302,103
467,6,72,32,28,-18,1,-493,3,6,6,323,309,337,332,366,100
468,4,58,18,29,1,0,-593,3,33,31,324,313,335,319,294,98
469,-2,16,0,101,73,2,-627,13,65,65,323,321,325,315,302,92
470,14,83,43,197,96,2,-529,30,80,80,323,329,317,326,302,108
471,5,65,25,126,-71,2,-357,18,76,76,323,336,310,313,330,99
472,-11,-29,0,352,226,2,-181,30,70,70,323,340,306,301,315,83
473,-13,-84,-44,487,135,2,62,30,58,58,323,343,303,303,339,81
474,-13,-109,-69,596,109,2,322,30,43,43,323,338,308,289,359,81
475,-11,-109,-69,634,38,2,639,30,8,8,323,335,311,321,351,83
477,-7,-78,-38,341,-227,2,1046,30,-86,-86,323,322,324,295,368,87
478,-4,-58,-18,205,-136,2,1111,30,-120,-120,323,310,336,272,354,90
479,0,-27,0,215,10,2,1105,27,-139,-139,323,298,348,287,374,94
480,10,42,2,181,-34,2,1013,21,-148,-148,323,287,359,298,365,104
481,18,116,76,181,0,2,775,30,-141,-141,323,280,366,303,319,112
482,22,172,132,180,0,2,468,30,-135,-135,323,275,371,315,323,116
484,25,234,194,106,-70,2,104,15,-139,-139,323,269,377,328,353,119
485,26,248,208,63,-42,2,-137,9,-134,-134,323,269,377,327,306,120
486,26,254,214,114,51,2,-335,28,-108,-108,323,269,377,340,383,120
487,28,268,228,152,38,2,-419,30,-93,-93,323,270,376,334,371,122
488,27,269,229,187,35,2,-550,30,-73,-73,323,275,371,324,309,121
490,26,262,222,135,-90,2,-756,20,-32,-32,323,294,352,334,374,120
491,26,261,221,81,-54,2,-790,12,-25,-25,323,300,346,317,320,120
492,25,255,215,48,-32,1,-862,6,-12,-12,323,305,341,345,288,119
493,30,279,239,361,313,2,-835,30,-7,-7,323,309,337,339,311,124
494,27,274,234,437,76,2,-707,30,-13,-13,323,312,334,325,327,121
495,28,277,237,630,193,2,-566,30,-30,-30,323,315,331,327,330,122
497,30,295,255,440,-306,2,-291,30,-84,-84,323,305,341,316,336,124
498,35,325,285,264,-176,2,-198,30,-119,-119,323,297,349,326,343,129
499,39,360,320,158,-106,2,-171,23,-157,-157,323,285,361,340,325,133
500,42,392,352,439,281,2,-167,30,-186,-186,323,271,375,327,348,136
501,49,445,405,587,148,2,-205,30,-200,-200,323,269,377,336,383,143
502,53,491,451,660,73,2,-298,30,-200,-200,323,269,377,348,340,147
503,55,523,483,700,40,2,-418,30,-200,-200,323,269,377,341,358,149
505,58,568,528,427,-285,2,-551,30,-200,-200,323,269,377,348,356,152
506,62,596,556,256,-171,2,-635,30,-200,-200,323,269,377,341,304,156
507,63,614,574,426,169,2,-721,30,-200,-200,323,269,377,342,367,157
508,11,342,302,199,-226,2,-736,20,-200,-200,323,269,377,347,341,105
509,68,525,485,356,156,2,-785,30,-200,-200,323,269,377,328,303,162
510,73,635,595,437,82,2,-856,30,-200,-200,323,269,377,341,324,167
511,76,703,663,474,37,2,-888,30,-200,-200,323,269,377,338,375,170
513,79,772,732,288,-192,2,-951,30,-200,-200,323,269,377,332,305,173
514,79,782,742,173,-115,2,-987,25,-200,-200,323,269,377,336,341,173
515,81,797,757,104,-69,2,-972,15,-200,-200,323,269,377,327,370,175
516,24,496,456,-86,-190,2,-1022,-30,-200,-200,323,269,377,324,361,118
517,81,666,626,93,178,2,-1057,30,-200,-200,323,269,377,329,345,175
518,86,771,731,184,91,2,-1097,30,-200,-200,323,269,377,327,424,180
519,87,824,784,226,43,2,-1123,30,-200,-200,323,269,377,317,373,181
520,87,849,809,244,18,2,-1155,30,-200,-200,323,269,377,331,317,181
522,88,873,833,145,-97,2,-1172,21,-200,-200,323,269,377,309,409,182
523,88,877,837,87,-58,2,-1197,13,-200,-200,323,269,377,316,346,182
524,88,879,839,72,-15,2,-1226,14,-200,-200,323,269,377,319,370,182
525,88,879,839,39,-33,2,-1203,5,-200,-200,323,269,377,300,380,182
526,87,874,834,0,-40,1,-1196,-3,-200,-200,323,269,377,313,351,181
527,86,868,828,-40,-40,1,-1216,-9,-200,-200,323,269,377,322,333,180
528,85,858,818,-20,20,1,-1220,-2,-200,-200,323,269,377,304,351,179
529,80,832,792,-88,-68,2,-1224,-20,-200,-200,323,269,377,308,436,174
531,73,756,716,-15,10,1,-1262,-2,-200,-200,323,269,377,305,350,167
532,66,713,673,-9,6,0,-1263,-1,-200,-200,323,269,377,293,410,160
533,59,657,617,-5,4,0,-1281,0,-200,-200,323,269,377,304,418,153
534,50,587,547,-3,2,0,-1316,0,-200,-200,323,269,377,309,376,144
535,43,516,476,-138,-135,2,-1321,-30,-200,-200,323,269,377,289,371,137
536,38,443,403,-91,47,2,-1341,-12,-174,-174,323,269,377,299,359,132
537,31,371,331,-66,24,2,-1305,-10,-134,-134,323,269,377,301,307,125
538,25,306,266,-56,11,1,-1286,-8,-92,-92,323,269,377,288,312,119
539,21,254,214,-46,10,1,-1284,-6,-51,-51,323,269,377,286,332,115
540,16,203,163,-35,10,1,-1260,-4,-14,-14,323,269,377,292,386,110
541,11,153,113,-165,-130,2,-1242,-30,15,15,323,282,364,299,389,105
542,5,97,57,-83,82,2,-1221,-9,60,60,323,294,352,287,282,99
544,-1,13,0,-18,12,0,-813,-2,102,102,324,318,330,289,288,93
545,17,83,43,-11,7,0,-543,-1,92,92,325,329,321,280,287,111
546,-10,1,0,-6,4,0,-241,0,76,76,326,340,312,267,300,84
547,-12,-53,-13,-4,3,0,87,0,53,55,327,338,316,267,324,82
548,-12,-83,-43,-2,2,0,373,0,29,31,329,337,321,268,335,82
549,-10,-91,-51,-93,-91,2,622,-19,-14,-14,323,329,317,256,325,84
550,-7,-80,-40,16,109,2,836,11,-54,-54,323,328,318,250,340,87
551,-3,-57,-17,94,78,2,1000,24,-92,-92,323,318,328,257,352,91
552,1,-21,0,140,47,2,1047,19,-124,-124,323,307,339,272,334,95
553,6,23,0,172,32,2,957,22,-134,-134,323,296,350,278,344,100
554,10,64,24,195,23,2,789,30,-125,-125,323,289,357,292,337,104
555,13,100,60,201,6,2,591,30,-112,-112,323,285,361,306,309,107
556,14,122,82,205,4,2,371,30,-97,-97,323,284,362,312,348,108
557,15,137,97,211,6,2,191,30,-82,-82,323,284,362,308,355,109
558,15,144,104,214,4,2,14,30,-64,-64,323,287,359,326,305,109
559,14,142,102,213,-2,2,-146,30,-39,-39,323,295,351,331,303,108
560,12,130,90,208,-5,2,-287,30,-11,-11,323,301,345,317,334,106
561,10,114,74,217,9,2,-404,30,21,21,323,306,340,336,298,104
562,7,90,50,226,9,2,-506,30,54,54,323,310,336,340,309,101
563,4,63,23,228,2,2,-517,30,79,79,323,321,325,327,333,98
564,1,34,0,229,1,2,-401,28,86,86,323,331,315,331,320,95
565,0,16,0,233,5,2,-227,29,78,78,323,338,308,328,343,94
566,-1,2,0,244,11,2,-26,30,58,58,323,341,305,307,358,93
567,-1,-5,0,254,10,2,203,30,28,28,323,337,309,308,350,93
568,0,-2,0,273,18,2,463,30,-10,-10,323,334,312,299,368,94
569,3,15,0,284,11,2,660,30,-46,-46,323,332,314,289,377,97
570,7,45,5,298,15,2,880,30,-85,-85,323,321,325,280,368,101
571,12,85,45,303,5,2,1010,30,-122,-122,323,309,337,289,380,106
572,25,174,134,358,55,2,954,30,-159,-159,323,295,351,311,373,119
573,31,248,208,371,13,2,791,30,-194,-194,323,281,365,305,343,125
574,28,265,225,310,-60,2,583,30,-200,-200,323,269,377,332,345,122
575,29,279,239,298,-12,2,356,30,-200,-200,323,269,377,335,348,123
576,30,290,250,291,-7,2,123,30,-195,-195,323,269,377,332,312,124
577,30,295,255,243,-48,2,-75,30,-176,-176,323,269,377,337,351,124
578,29,293,253,246,3,2,-279,30,-148,-148,323,269,377,344,412,123
579,25,270,230,127,-118,2,-417,15,-119,-119,323,269,377,328,348,119
580,23,248,208,52,-75,2,-530,4,-91,-91,323,269,377,342,321,117
581,19,217,177,7,-45,1,-630,-2,-62,-62,324,269,379,345,320,113
582,16,191,151,8,1,0,-714,1,-33,-33,324,276,372,325,348,110
583,13,164,124,5,-3,0,-785,0,-8,-8,325,288,362,342,337,107
584,10,135,95,3,-2,0,-863,0,15,15,327,299,355,339,328,104
585,7,106,66,18,15,1,-910,3,41,41,328,306,350,333,341,101
586,25,171,131,79,61,2,-832,17,55,55,323,311,335,338,348,119
587,23,203,163,207,129,2,-639,30,43,43,323,313,333,335,331,117
588,15,174,134,140,-67,2,-374,21,22,22,323,316,330,311,327,109
589,-2,69,29,192,52,2,-77,30,26,26,323,317,329,304,355,92
590,-2,21,0,239,47,2,214,30,13,13,323,318,328,304,375,92
591,1,15,0,272,32,2,439,30,-10,-10,323,319,327,299,358,95
593,6,51,11,378,35,2,739,30,-71,-71,323,314,332,307,375,100
594,12,88,48,227,-151,2,771,30,-99,-99,323,306,340,318,374,106
595,18,138,98,136,-91,2,692,20,-124,-124,323,297,349,315,370,112
596,24,193,153,82,-54,2,539,12,-149,-149,323,286,360,334,345,118
597,30,251,211,189,107,2,362,30,-164,-164,323,276,370,349,350,124
598,36,310,270,233,44,2,182,30,-183,-183,323,269,377,335,355,130
599,40,358,318,244,11,2,2,30,-199,-199,323,269,377,350,335,134
600,36,359,319,262,18,2,-137,30,-198,-198,323,269,377,357,354,130
601,50,435,395,221,-41,2,-236,30,-200,-200,323,269,377,339,377,144
602,52,481,441,209,-13,2,-340,30,-200,-200,323,269,377,355,313,146
603,53,507,467,197,-12,2,-432,30,-200,-200,323,269,377,356,341,147
604,54,525,485,182,-15,2,-518,30,-200,-200,323,269,377,342,381,148
605,54,533,493,169,-13,2,-579,30,-200,-200,323,269,377,344,323,148
607,55,546,506,85,-57,2,-720,12,-200,-200,323,269,377,337,383,149
608,56,554,514,51,-34,2,-778,7,-200,-200,323,269,377,347,414,150
609,56,557,517,31,-20,1,-792,4,-200,-200,323,269,377,344,368,150
610,57,564,524,2,-28,1,-832,-2,-200,-200,323,269,377,331,331,151
611,57,567,527,-43,-45,2,-838,-11,-200,-200,323,269,377,339,298,151
612,58,574,534,-94,-51,2,-849,-22,-200,-200,323,269,377,331,362,152
613,59,583,543,-136,-43,2,-874,-30,-200,-200,323,269,377,320,389,153
615,59,588,548,-109,73,2,-925,-16,-200,-200,323,269,377,336,361,153
616,59,589,549,-65,44,2,-934,-9,-200,-200,323,269,377,315,363,153
617,59,590,550,-39,26,1,-963,-5,-200,-200,323,269,377,325,379,153
618,59,590,550,-192,-152,2,-972,-30,-200,-200,323,269,377,325,387,153
619,59,590,550,-299,-107,2,-972,-30,-200,-200,323,269,377,300,353,153
620,59,590,550,-363,-64,2,-983,-30,-200,-200,323,269,377,309,355,153
622,59,590,550,-217,145,2,-991,-30,-200,-200,323,269,377,311,317,153
623,59,590,550,-130,87,2,-989,-19,-200,-200,323,269,377,302,335,153
624,59,590,550,-262,-132,2,-993,-30,-200,-200,323,269,377,307,382,153
625,58,585,545,-373,-111,2,-1004,-30,-200,-200,323,269,377,309,353,152
627,56,565,525,-274,182,2,-1047,-30,-200,-200,323,269,377,295,431,150
628,55,557,517,-164,109,2,-1055,-24,-200,-200,323,269,377,294,410,149
629,52,537,497,-374,-210,2,-1096,-30,-200,-200,323,269,377,294,378,146
630,45,490,450,-457,-82,2,-1117,-30,-200,-200,323,269,377,285,331,139
631,39,436,396,-506,-49,2,-1119,-30,-200,-200,323,269,377,291,355,133
632,34,384,344,-548,-42,2,-1143,-30,-173,-173,323,269,377,290,356,128
634,30,318,278,-353,235,2,-1191,-30,-108,-108,323,269,377,287,375,124
635,25,281,241,-212,141,2,-1212,-30,-78,-78,323,269,377,284,403,119
636,20,237,197,-435,-223,2,-1232,-30,-43,-43,323,269,377,275,377,114
637,9,158,118,-705,-270,2,-1286,-30,6,6,323,272,374,277,389,103
639,3,57,17,-494,329,2,-1271,-30,103,96,323,298,348,287,350,97
640,-5,-1,0,-680,-186,2,-1093,-30,121,121,323,312,334,265,269,89
641,-9,-49,-9,-712,-32,2,-828,-30,115,115,323,325,321,268,272,85
643,-27,-223,-183,-494,329,2,-230,-30,130,130,323,351,295,255,294,67
644,-31,-270,-230,-296,198,2,67,-30,134,134,323,365,281,241,310,63
645,-35,-313,-273,-562,-265,2,334,-30,136,136,323,374,272,242,307,59
646,-36,-338,-298,-721,-159,2,596,-30,128,128,323,377,269,240,304,58
648,-37,-363,-323,-492,328,2,1047,-30,88,88,323,376,270,227,339,57
649,7,-129,-89,-275,217,2,1243,-30,-18,-18,323,364,282,241,321,101
650,-31,-227,-187,-509,-234,2,1410,-30,-76,-76,323,350,296,243,340,63
651,-30,-266,-226,-670,-160,2,1538,-30,-101,-101,323,336,310,242,348,64
653,-27,-269,-229,-450,300,2,1552,-30,-125,-125,323,308,338,235,350,67
654,-21,-237,-197,-270,180,2,1401,-30,-127,-127,323,296,350,257,344,73
655,-17,-201,-161,-450,-180,2,1159,-30,-114,-114,323,290,356,271,306,77
656,-15,-173,-133,-538,-88,2,891,-30,-95,-95,323,288,358,285,322,79
657,-15,-161,-121,-463,75,2,665,-30,-75,-75,323,288,358,276,367,79
659,-19,-184,-144,-236,157,2,269,-30,-13,-13,323,302,344,301,294,75
660,-26,-225,-185,-142,94,2,47,-21,46,46,323,307,339,294,308,68
661,-27,-249,-209,-85,57,2,-164,-12,107,107,323,320,326,306,371,67
662,-45,-358,-318,-135,-50,2,-292,-30,180,180,323,333,313,304,392,49
663,-50,-435,-395,-213,-78,2,-220,-30,200,200,323,346,300,298,315,44
664,-55,-497,-457,-328,-115,2,-53,-30,200,200,323,360,286,281,302,39
665,-59,-547,-507,-301,27,2,167,-30,200,200,323,373,273,292,328,35
667,-62,-605,-565,-154,103,2,502,-22,200,200,323,377,269,266,323,32
668,-66,-635,-595,-92,62,2,658,-13,200,200,323,377,269,271,337,28
669,-70,-670,-630,-51,41,2,801,-7,200,200,323,377,269,266,344,24
670,-70,-686,-646,41,93,2,909,17,200,200,323,377,269,264,330,24
671,-71,-699,-659,145,104,2,1051,30,200,200,323,377,269,278,342,23
672,-71,-705,-665,75,-70,2,1132,9,200,200,323,377,269,267,350,23
673,-69,-697,-657,193,118,2,1259,30,200,200,323,377,269,301,342,25
675,-68,-684,-644,101,-67,2,1468,15,200,200,323,377,269,265,361,26
676,-59,-633,-593,60,-40,2,1502,9,200,200,323,377,269,276,354,35
677,-47,-545,-505,304,244,2,1595,30,200,200,323,377,269,290,351,47
678,-36,-445,-405,575,270,2,1682,30,182,182,323,377,269,269,368,58
679,-32,-378,-338,389,-186,2,1723,30,127,127,323,377,269,272,346,62
681,-23,-261,-221,458,-159,2,1810,30,16,16,323,377,269,288,373,71
682,-16,-207,-167,275,-183,2,1857,30,-35,-35,323,377,269,240,347,78
683,-9,-144,-104,157,-118,2,1893,22,-93,-93,323,377,269,295,359,85
684,4,-44,-4,238,81,2,1887,30,-164,-131,323,369,277,325,364,98
685,10,34,0,3,-235,2,1684,-13,-200,-169,323,355,291,269,336,104
686,18,99,59,-126,-129,2,1343,-30,-200,-200,323,341,305,279,327,112
687,26,186,146,-204,-78,2,992,-30,-200,-200,323,327,319,296,321,120
689,31,284,244,-160,106,2,320,-23,-200,-200,323,299,347,300,306,125
690,34,314,274,-96,64,2,76,-14,-200,-200,323,285,361,312,349,128
691,34,328,288,-262,-166,2,-120,-30,-200,-200,323,271,375,310,345,128
692,34,335,295,-361,-99,2,-288,-30,-200,-200,323,269,377,300,286,128
693,31,321,281,-453,-92,2,-455,-30,-200,-200,323,269,377,311,308,125
695,27,281,241,-333,222,2,-673,-30,-135,-135,323,269,377,306,358,121
696,24,259,219,-200,133,2,-748,-29,-103,-103,323,269,377,305,299,118
697,8,162,122,-272,-72,2,-827,-30,-54,-54,323,269,377,317,293,102
698,3,91,51,-279,-7,2,-873,-30,-1,-1,323,269,377,313,341,97
699,0,42,2,-292,-12,2,-937,-30,51,51,323,282,364,302,402,94
701,-2,-7,0,-199,132,2,-911,-17,104,104,323,308,338,311,273,92
702,-4,-25,0,-119,79,2,-714,-10,107,107,323,322,324,295,293,90
703,-1,-17,0,-223,-104,2,-459,-30,79,79,323,335,311,291,318,93
704,-1,-13,0,-326,-103,2,-208,-30,44,44,323,335,311,296,304,93
705,-2,-17,0,-340,-14,2,48,-30,4,4,323,332,314,285,325,92
707,-4,-35,0,-206,138,2,527,-18,-75,-75,323,321,325,273,329,90
708,-4,-38,0,-124,83,2,705,-11,-104,-104,323,311,335,274,342,90
709,-5,-44,-4,-266,-142,2,716,-30,-129,-129,323,300,346,278,351,89
710,-5,-47,-7,-276,-9,2,612,-30,-132,-132,323,291,355,292,319,89
711,-5,-49,-9,-253,22,2,450,-30,-120,-120,323,286,360,311,336,89
713,-5,-50,-10,-168,112,2,46,-24,-64,-64,323,287,359,317,303,89
714,0,-23,0,-101,67,2,-173,-9,-23,-23,323,295,351,331,369,94
715,3,6,0,-204,-104,2,-339,-30,2,2,323,301,345,336,400,97
716,4,24,0,-279,-74,2,-485,-30,28,28,323,306,340,319,301,98
717,4,33,0,-331,-53,2,-598,-30,50,50,323,310,336,337,291,98
719,0,7,0,-230,153,2,-409,-20,56,56,323,326,320,312,312,94
720,-4,-18,0,-138,92,2,-192,-12,39,39,323,325,321,314,336,90
721,-6,-41,-1,-295,-157,2,82,-30,-1,-1,323,325,321,307,358,88
722,-6,-51,-11,-401,-106,2,357,-30,-43,-43,323,324,322,292,349,88
723,-5,-51,-11,-468,-68,2,577,-30,-84,-84,323,316,330,284,364,89
725,0,-11,0,-325,216,2,759,-28,-141,-141,323,294,352,303,352,94
726,4,17,0,-195,130,2,628,-17,-135,-135,323,286,360,309,351,98
727,6,40,0,-413,-218,2,442,-30,-123,-123,323,281,365,331,351,100
728,6,51,11,-568,-155,2,259,-30,-103,-103,323,280,366,337,319,100
729,4,45,5,-677,-109,2,49,-30,-74,-74,323,282,364,325,327,98
731,-1,2,0,-436,290,2,-296,-30,-11,-11,323,298,348,339,317,93
732,-10,-53,-13,-261,174,2,-438,-30,20,20,323,304,342,331,304,84
733,-18,-122,-82,-453,-191,2,-541,-30,61,61,323,314,332,345,315,76
734,-25,-191,-151,-560,-107,2,-563,-30,107,107,323,328,318,349,308,69
735,-32,-261,-221,-604,-44,2,-440,-30,151,151,323,341,305,325,320,62
736,-5,-147,-107,-314,290,2,-238,-30,120,120,323,354,292,327,349,89
738,-43,-370,-330,-276,184,2,214,-30,172,172,323,377,269,294,341,51
739,-48,-429,-389,-166,111,2,444,-24,196,196,323,377,269,300,371,46
740,-42,-424,-384,-27,138,2,663,7,200,200,323,377,269,318,356,52
741,-52,-467,-427,-280,-253,2,819,-30,196,196,323,377,269,304,363,42
742,15,-134,-94,112,392,2,980,30,86,110,323,377,269,278,368,109
743,10,-8,0,67,-45,2,1081,6,-28,72,323,377,269,294,351,104
745,-58,-459,-419,-115,77,2,1273,-17,65,65,323,376,270,258,366,36
746,-61,-540,-500,-69,46,2,1377,-10,130,130,323,377,269,286,352,33
747,-51,-524,-484,67,136,2,1451,26,166,166,323,377,269,336,365,43
748,-51,-516,-476,152,85,2,1341,30,184,184,323,377,269,290,361,43
749,-68,-605,-565,-185,-337,2,1271,-30,200,200,323,377,269,278,340,26
750,-11,-338,-298,-131,54,2,1257,-22,130,130,323,377,269,293,352,83
752,-54,-497,-457,30,-20,1,1257,4,128,128,323,377,269,296,341,40
753,-61,-558,-518,18,-12,1,1298,2,141,141,323,377,269,272,351,33
754,-75,-644,-604,-237,-255,2,1356,-30,175,175,323,377,269,309,363,19
755,-63,-637,-597,-34,203,2,1382,11,200,200,323,377,269,330,339,31
756,-10,-347,-307,251,286,2,1395,30,151,151,323,377,269,274,353,84
757,-24,-289,-249,151,-101,2,1433,21,92,92,323,377,269,286,355,70
758,-81,-570,-530,-102,-252,2,1434,-30,137,137,323,377,269,302,334,13
760,-83,-775,-735,-147,98,2,1462,-21,200,200,323,377,269,302,354,11
761,-84,-810,-770,-88,59,2,1468,-13,200,200,323,377,269,275,332,10
762,-85,-832,-792,-53,35,2,1493,-8,200,200,323,377,269,275,347,9
763,-86,-847,-807,-196,-143,2,1509,-30,200,200,323,377,269,278,355,8
764,-86,-854,-814,-273,-78,2,1514,-30,200,200,323,377,269,286,326,8
765,-43,-625,-585,-164,109,2,1537,-24,200,200,323,377,269,289,350,51
766,-85,-747,-707,-238,-74,2,1554,-30,200,200,323,377,269,275,349,9
767,-87,-813,-773,-283,-45,2,1618,-30,200,200,323,377,269,345,337,7
769,-88,-866,-826,-184,122,2,1655,-27,200,200,323,377,269,265,352,6
770,-88,-873,-833,-110,73,2,1668,-16,200,200,323,377,269,281,337,6
771,-88,-877,-837,-66,44,2,1670,-10,200,200,323,377,269,302,347,6
772,-88,-879,-839,-176,-110,2,1685,-30,200,200,323,377,269,320,353,6
773,-87,-874,-834,-241,-66,2,1694,-30,200,200,323,377,269,327,330,7
774,-87,-872,-832,-285,-43,2,1711,-30,200,200,323,377,269,321,347,7
775,-86,-865,-825,-315,-30,2,1728,-30,200,200,323,377,269,313,349,8
776,-85,-857,-817,-333,-18,2,1720,-30,200,200,323,377,269,284,333,9
778,-85,-852,-812,-209,139,2,1720,-30,200,200,323,377,269,316,343,9
779,-84,-845,-805,-125,83,2,1732,-18,200,200,323,377,269,350,337,10
780,-83,-837,-797,-235,-110,2,1753,-30,200,200,323,377,269,326,348,11
781,-67,-747,-707,-201,34,2,1777,-30,200,200,323,377,269,292,350,27
782,-78,-765,-725,-301,-100,2,1785,-30,200,200,323,377,269,322,334,16
783,-78,-773,-733,-368,-68,2,1780,-30,200,200,323,377,269,325,347,16
784,-75,-761,-721,-417,-49,2,1785,-30,200,200,323,377,269,288,348,19
786,-73,-736,-696,-273,182,2,1826,-30,200,200,323,377,269,355,348,21
787,-72,-728,-688,-164,109,2,1833,-24,200,200,323,377,269,356,342,22
788,-69,-707,-667,-98,65,2,1832,-14,200,200,323,377,269,308,332,25
789,-41,-547,-507,-79,19,2,1843,-15,171,171,323,377,269,264,344,53
790,-61,-581,-541,-307,-228,2,1829,-30,148,148,323,377,269,323,341,33
791,-61,-597,-557,-456,-149,2,1805,-30,126,126,323,377,269,352,323,33
792,-58,-588,-548,-558,-101,2,1813,-30,108,108,323,377,269,331,340,36
794,-56,-566,-526,-378,252,2,1771,-30,85,85,323,377,269,341,323,38
795,-52,-541,-501,-227,151,2,1745,-30,79,79,323,377,269,299,335,42
796,-50,-519,-479,-324,-97,2,1738,-30,71,71,323,377,269,282,338,44
797,-45,-482,-442,-191,134,2,1717,-27,65,65,323,377,269,351,320,49
798,-42,-448,-408,-114,76,2,1714,-17,57,57,323,372,274,344,327,52
800,-39,-402,-362,-44,29,1,1715,-5,24,24,323,353,293,322,323,55
801,-36,-379,-339,-26,17,1,1719,-3,4,4,323,346,300,367,335,58
802,-13,-267,-227,44,70,2,1596,13,-11,-11,323,341,305,276,341,81
803,-29,-280,-240,211,166,2,1472,30,-8,-8,323,337,309,286,316,65
804,-29,-285,-245,314,104,2,1327,30,-2,-2,323,334,312,345,327,65
806,-29,-289,-249,120,-80,2,903,17,32,32,323,330,316,287,305,65
807,-30,-295,-255,72,-48,2,745,10,54,54,323,328,318,300,320,64
808,-34,-319,-279,103,31,2,628,24,91,91,323,337,309,297,330,60
809,-36,-341,-301,162,59,2,548,30,131,131,323,349,297,296,317,58
811,-39,-380,-340,97,-64,2,579,14,175,175,323,376,270,306,342,55
812,-42,-401,-361,58,-39,2,660,8,180,180,323,377,269,329,333,52
813,-44,-422,-382,271,213,2,728,30,196,196,323,377,269,335,336,50
814,-47,-448,-408,302,32,2,819,30,200,200,323,377,269,350,353,47
816,-49,-481,-441,241,-101,2,946,30,200,200,323,377,269,304,341,45
817,-50,-491,-451,145,-96,2,1004,21,200,200,323,377,269,319,349,44
818,4,-204,-164,235,90,2,1059,30,118,118,323,377,269,309,337,98
819,-48,-353,-313,157,-78,2,1097,25,98,98,323,377,269,369,338,46
820,-51,-438,-398,-198,-355,2,1138,-30,104,104,323,377,269,356,344,43
822,-45,-447,-407,10,-7,0,1228,1,106,106,324,379,269,317,335,49
823,-51,-475,-435,6,-4,0,1258,1,96,96,325,380,270,344,346,43
824,-13,-320,-280,-220,-226,2,1289,-30,53,53,323,376,270,314,334,81
825,-13,-217,-177,-284,-64,2,1353,-30,-6,-6,323,363,283,297,336,81
826,-7,-138,-98,-314,-30,2,1426,-30,-72,-72,323,349,297,355,344,87
828,-5,-69,-29,-245,163,2,1533,-30,-186,-168,323,322,324,308,338,89
829,-5,-59,-19,-451,-206,2,1357,-30,-200,-200,323,308,338,283,341,89
830,-5,-54,-14,-543,-92,2,1090,-30,-200,-200,323,294,352,288,315,89
831,-5,-52,-12,-574,-31,2,816,-30,-180,-180,323,280,366,291,303,89
833,-5,-50,-10,-346,230,2,244,-30,-111,-111,323,269,377,314,297,89
834,-6,-56,-16,-207,138,2,8,-30,-70,-70,323,269,377,303,270,88
835,-6,-58,-18,-408,-201,2,-221,-30,-28,-28,323,279,367,316,274,88
836,-9,-75,-35,-537,-129,2,-417,-30,14,14,323,288,358,323,282,85
837,-13,-105,-65,-610,-73,2,-597,-30,60,60,323,302,344,315,269,81
839,-20,-180,-140,-428,286,2,-750,-30,144,144,323,328,318,332,282,74
840,-24,-212,-172,-257,171,2,-617,-30,166,166,323,342,304,308,309,70
841,-24,-227,-187,-426,-169,2,-417,-30,169,169,323,355,291,307,300,70
842,-32,-277,-237,-536,-109,2,-165,-30,174,174,323,368,278,311,320,62
844,-44,-406,-366,-346,231,2,266,-30,200,200,323,377,269,350,323,50
845,-58,-500,-460,-484,-137,2,464,-30,200,200,323,377,269,328,324,36
846,-59,-548,-508,-382,102,2,635,-30,200,200,323,377,269,325,335,35
847,-54,-544,-504,-413,-31,2,787,-30,200,200,323,377,269,301,333,40
849,-45,-470,-430,-180,120,2,1036,-26,169,169,323,377,269,336,333,49
850,-40,-432,-392,-296,-116,2,1185,-30,126,126,323,377,269,345,341,54
851,-31,-366,-326,-178,118,2,1271,-26,87,87,323,377,269,357,322,63
852,-26,-309,-269,-103,75,2,1367,-14,47,47,323,377,269,377,335,68
853,-20,-250,-210,-50,53,2,1421,-5,5,5,323,377,269,320,337,74
855,-6,-100,-60,52,-35,1,1556,6,-90,-90,323,359,287,363,330,88
856,-4,-68,-28,31,-21,1,1494,3,-131,-118,323,346,300,341,335,90
857,4,-10,0,-1,-32,0,1283,-2,-148,-140,324,336,312,316,305,98
858,9,35,0,-33,-31,1,1015,-6,-152,-152,323,324,322,285,303,103
859,12,81,41,-52,-19,1,701,-8,-141,-141,323,313,333,286,303,106
860,13,107,67,-67,-15,1,382,-10,-126,-126,323,301,345,306,275,107
862,12,117,77,-63,42,2,-100,-8,-79,-79,323,290,356,300,274,106
863,6,86,46,-38,25,1,-319,-4,-38,-38,323,297,349,316,281,100
864,2,51,11,-91,-53,2,-485,-21,1,1,323,303,343,320,256,96
865,-5,-4,0,-122,-32,2,-623,-16,41,41,323,307,339,314,269,89
866,-13,-72,-32,-141,-19,2,-740,-30,69,69,323,318,328,325,274,81
867,-23,-157,-117,-149,-7,2,-722,-30,108,108,323,331,315,332,295,71
869,-34,-301,-261,-127,118,2,-444,-15,200,200,323,358,288,315,309,60
870,-28,-290,-250,-76,51,2,-282,-11,200,200,323,371,275,312,326,66
871,-47,-387,-347,-182,-105,2,-58,-30,200,200,323,377,269,315,314,47
872,-49,-443,-403,-129,53,2,132,-22,200,200,323,377,269,339,326,45
873,-50,-474,-434,-89,40,2,307,-15,200,200,323,377,269,417,340,44
874,-52,-499,-459,-38,52,2,447,-3,200,200,323,377,269,371,319,42
875,-56,-532,-492,21,59,2,609,10,200,200,323,377,269,294,331,38
876,-1,-297,-257,149,127,2,742,30,200,200,323,377,269,335,340,93
878,-58,-520,-480,130,-87,2,966,19,200,200,323,377,269,350,332,36
879,-62,-574,-534,78,-52,2,1059,11,200,200,323,377,269,348,339,32
880,-62,-599,-559,239,161,2,1155,30,200,200,323,377,269,394,323,32
881,-62,-610,-570,363,124,2,1236,30,200,200,323,377,269,386,328,32
882,-62,-616,-576,442,79,2,1337,30,200,200,323,377,269,392,338,32
883,-63,-623,-583,521,79,2,1391,30,200,200,323,377,269,358,320,31
885,-60,-605,-565,389,-259,2,1543,30,200,200,323,377,269,350,334,34
886,-57,-586,-546,234,-156,2,1585,30,200,200,323,377,269,376,330,37
887,-52,-550,-510,532,299,2,1645,30,182,182,323,377,269,430,318,42
888,-46,-502,-462,707,175,2,1689,30,163,163,323,377,269,387,326,48
890,-37,-398,-358,363,-242,2,1750,30,98,98,323,377,269,363,311,57
891,-23,-307,-267,218,-145,2,1773,30,54,54,323,377,269,368,323,71
892,-15,-222,-182,367,149,2,1757,30,-3,-3,323,377,269,370,329,79
893,-7,-140,-100,456,89,2,1742,30,-64,-64,323,377,269,366,303,87
894,3,-48,-8,474,18,2,1723,30,-136,-102,323,364,282,302,320,97
896,21,155,115,288,-192,2,1420,30,-200,-200,323,336,310,329,294,115
897,35,260,220,173,-115,2,1084,25,-200,-200,323,322,324,266,295,129
898,42,347,307,240,67,2,749,30,-200,-200,323,308,338,281,286,136
899,46,408,368,300,60,2,424,30,-200,-200,323,294,352,302,281,140
900,48,447,407,328,28,2,124,30,-200,-200,323,280,366,309,255,142
902,52,505,465,212,-141,2,-357,30,-200,-200,323,269,377,310,278,146
903,52,513,473,127,-85,2,-521,18,-200,-200,323,269,377,315,252,146
904,54,528,488,220,93,2,-669,30,-200,-200,323,269,377,301,245,148
905,54,534,494,296,76,2,-799,30,-200,-200,323,269,377,306,266,148
906,56,548,508,358,62,2,-887,30,-200,-200,323,269,377,315,259,150
908,56,557,517,239,-159,2,-1035,30,-200,-200,323,269,377,313,255,150
909,56,559,519,315,76,2,-1069,30,-195,-195,323,269,377,320,268,150
910,56,559,519,365,50,2,-1113,30,-186,-186,323,269,377,324,261,150
911,56,560,520,387,22,2,-1149,30,-179,-179,323,269,377,315,259,150
913,56,560,520,240,-160,2,-1170,30,-170,-170,323,269,377,324,266,150
914,56,560,520,144,-96,2,-1197,21,-171,-171,323,269,377,316,272,150
915,56,560,520,234,90,2,-1204,30,-166,-166,323,269,377,330,264,150
916,56,560,520,289,54,2,-1182,30,-165,-165,323,269,377,330,266,150
917,57,565,525,305,17,2,-1183,30,-167,-167,323,269,377,316,271,151
919,57,569,529,184,-123,2,-1164,27,-174,-174,323,269,377,325,275,151
920,58,575,535,111,-74,2,-1152,16,-185,-185,323,269,377,316,277,152
921,59,583,543,194,84,2,-1145,30,-187,-187,323,269,377,327,273,153
922,60,592,552,253,58,2,-1136,30,-192,-192,323,269,377,334,285,154
924,66,646,606,121,-287,2,-1112,-2,-200,-200,323,269,377,323,281,160
925,67,659,619,72,-48,2,-1113,10,-200,-200,323,269,377,334,289,161
926,67,665,625,211,139,2,-1130,30,-200,-200,323,269,377,323,324,161
927,68,673,633,235,23,2,-1126,30,-200,-200,323,269,377,320,319,162
928,69,682,642,221,-14,2,-1126,30,-200,-200,323,269,377,329,292,163
930,70,696,656,125,-83,2,-1088,18,-200,-200,323,269,377,315,282,164
931,71,704,664,75,-50,2,-1100,11,-200,-200,323,269,377,330,319,165
932,72,712,672,81,6,2,-1126,17,-200,-200,323,269,377,332,281,166
933,72,717,677,37,-44,2,-1176,3,-200,-200,323,269,377,317,302,166
934,74,729,689,10,-27,1,-1201,0,-200,-200,323,269,377,325,354,168
936,74,737,697,-13,9,1,-1278,-1,-200,-200,323,269,377,322,294,168
937,75,743,703,-8,5,0,-1257,-1,-200,-200,323,269,377,325,306,169
938,75,746,706,-109,-101,2,-1264,-25,-200,-200,323,269,377,330,323,169
939,75,748,708,-13,96,2,-1271,5,-200,-200,323,269,377,318,260,169
940,73,740,700,-16,-3,0,-1291,-2,-200,-200,323,269,377,325,278,167
942,71,722,682,-41,1,1,-1285,-6,-200,-200,323,269,377,314,280,165
943,71,715,675,-25,16,1,-1326,-2,-200,-200,323,269,377,331,242,165
944,68,699,659,93,118,2,-1352,25,-200,-200,323,269,377,333,277,162
945,57,630,590,40,-53,2,-1372,3,-200,-200,323,269,377,315,381,151
946,50,560,520,104,64,2,-1382,26,-200,-200,323,269,377,321,321,144
948,37,425,385,6,-64,1,-1384,-4,-143,-143,323,269,377,316,325,131
949,37,400,360,4,-2,0,-1356,0,-110,-110,324,269,379,314,323,131
950,29,351,311,-386,-389,2,-1353,-30,-92,-92,323,269,377,331,248,123
951,17,253,213,-435,-50,2,-1344,-30,-56,-56,323,269,377,329,298,111
952,3,133,93,-453,-18,2,-1302,-30,5,5,323,274,372,310,346,97
953,-5,34,0,-504,-51,2,-1297,-30,75,41,323,285,361,332,301,89
955,-14,-103,-63,-249,166,2,-1173,-30,139,139,323,311,335,314,311,80
956,-27,-193,-153,-149,99,2,-946,-21,175,175,323,324,322,317,306,67
957,-40,-305,-265,-478,-328,2,-681,-30,200,200,323,338,308,316,297,54
958,-43,-372,-332,-671,-193,2,-409,-30,200,200,323,351,295,299,320,51
960,-47,-449,-409,-465,310,2,100,-30,200,200,323,377,269,333,322,47
961,-50,-477,-437,-279,186,2,285,-30,200,200,323,377,269,293,336,44
962,-56,-522,-482,-511,-233,2,467,-30,200,200,323,377,269,291,340,38
963,-58,-553,-513,-599,-88,2,619,-30,200,200,323,377,269,321,331,36
964,-60,-578,-538,-627,-29,2,754,-30,200,200,323,377,269,342,340,34
965,-59,-585,-545,-192,435,2,871,1,200,200,323,377,269,331,351,35
967,-60,-597,-557,58,-39,2,1070,8,200,200,323,377,269,340,344,34
968,-64,-620,-580,35,-23,1,1128,4,200,200,323,377,269,327,347,30
969,-5,-312,-272,273,238,2,1171,30,182,182,323,377,269,327,328,89
970,-64,-489,-449,576,303,2,1220,30,171,171,323,377,269,312,343,30
971,-68,-592,-552,765,190,2,1290,30,200,200,323,377,269,307,347,26
973,-69,-669,-629,528,-352,2,1424,30,200,200,323,377,269,394,343,25
974,-73,-702,-662,317,-211,2,1493,30,200,200,323,377,269,363,350,21
975,-18,-420,-380,494,177,2,1554,30,200,200,323,377,269,328,335,76
976,-71,-577,-537,600,106,2,1611,30,194,194,323,377,269,291,342,23
978,-72,-690,-650,558,-98,2,1657,30,200,200,323,377,269,375,330,22
979,-67,-679,-639,335,-223,2,1688,30,200,200,323,377,269,366,338,27
980,-63,-653,-613,465,130,2,1695,30,200,200,323,377,269,294,344,31
981,-53,-586,-546,539,74,2,1740,30,200,200,323,377,269,344,333,41
982,-44,-507,-467,595,56,2,1734,30,185,185,323,377,269,364,330,50
984,-34,-375,-335,385,-256,2,1726,30,104,104,323,377,269,318,336,60
985,-23,-297,-257,231,-154,2,1714,30,57,57,323,377,269,372,318,71
986,-6,-169,-129,410,180,2,1718,30,-20,-20,323,377,269,333,340,88
987,5,-51,-11,498,88,2,1705,30,-112,-58,323,377,269,317,330,99
988,17,68,28,543,45,2,1713,30,-168,-96,323,373,273,370,318,111
990,28,235,195,325,-217,2,1333,30,-200,-200,323,345,301,266,320,122
991,33,286,246,195,-130,2,1071,28,-200,-200,323,331,315,282,294,127
992,48,391,351,281,86,2,787,30,-200,-200,323,317,329,327,295,142
993,53,466,426,357,76,2,447,30,-200,-200,323,303,343,299,293,147
994,57,522,482,398,41,2,162,30,-200,-200,323,289,357,308,271,151
996,59,576,536,230,-153,2,-281,30,-200,-200,323,269,377,303,283,153
997,62,600,560,138,-92,2,-455,20,-200,-200,323,269,377,313,305,156
998,69,648,608,231,93,2,-596,30,-200,-200,323,269,377,312,338,163
999,71,682,642,286,56,2,-698,30,-200,-200,323,269,377,300,379,165
1000,73,708,668,308,21,2,-782,30,-200,-200,323,269,377,313,330,167
1002,74,733,693,188,-125,2,-946,27,-200,-200,323,269,377,310,276,168
1003,75,742,702,113,-75,2,-963,16,-200,-200,323,269,377,298,332,169
1004,81,779,739,240,127,2,-1018,30,-200,-200,323,269,377,319,270,175
1005,80,790,750,280,40,2,-1054,30,-200,-200,323,269,377,310,285,174
1007,80,798,758,294,-2,2,-1096,30,-200,-200,323,269,377,318,357,174
1008,82,810,770,176,-117,2,-1128,26,-200,-200,323,269,377,327,244,176
1009,83,821,781,214,38,2,-1123,30,-200,-200,323,269,377,321,314,177
1010,86,842,802,248,35,2,-1087,30,-200,-200,323,269,377,314,369,180
1011,86,852,812,265,17,2,-1082,30,-200,-200,323,269,377,322,258,180
1013,86,858,818,165,-110,2,-1106,24,-200,-200,323,269,377,313,337,180
1014,87,865,825,99,-66,2,-1068,14,-200,-200,323,269,377,316,341,181
1015,88,873,833,151,52,2,-1077,30,-200,-200,323,269,377,320,275,182
1016,88,877,837,179,27,2,-1097,30,-200,-200,323,269,377,318,274,182
1018,88,879,839,178,-5,2,-1098,30,-200,-200,323,269,377,320,408,182
1019,89,885,845,107,-71,2,-1143,15,-200,-200,323,269,377,311,348,183
1020,89,888,848,128,21,2,-1173,28,-200,-200,323,269,377,316,310,183
1021,89,889,849,133,5,2,-1195,28,-200,-200,323,269,377,318,380,183
1022,89,890,850,132,-1,2,-1222,27,-200,-200,323,269,377,306,362,183
1024,89,890,850,81,-54,2,-1274,12,-200,-200,323,269,377,322,292,183
1025,89,890,850,49,-32,2,-1304,7,-200,-200,323,269,377,304,385,183
1026,89,890,850,81,33,2,-1322,20,-200,-200,323,269,377,317,329,183
1027,89,890,850,109,28,2,-1358,25,-200,-200,323,269,377,317,299,183
1028,89,890,850,129,21,2,-1391,29,-200,-200,323,269,377,306,391,183
1030,89,890,850,85,-57,2,-1436,12,-200,-200,323,269,377,315,319,183
1031,88,885,845,51,-34,2,-1456,7,-200,-200,323,269,377,313,277,182
1032,87,877,837,119,68,2,-1480,30,-200,-200,323,269,377,299,367,181
1033,86,868,828,143,25,2,-1466,30,-200,-200,323,269,377,309,363,180
1034,84,853,813,134,-9,2,-1496,27,-200,-200,323,269,377,313,303,178
1036,80,811,771,65,-43,2,-1541,9,-200,-200,323,269,377,306,412,174
1037,75,778,738,47,-18,1,-1564,7,-200,-200,323,269,377,315,392,169
1038,66,714,674,12,-35,1,-1566,-1,-200,-200,323,269,377,304,279,160
1039,59,658,618,-25,-37,1,-1540,-6,-200,-200,323,269,377,300,261,153
1040,50,587,547,-71,-46,2,-1508,-16,-200,-200,323,269,377,308,353,144
1042,34,392,352,-109,73,2,-1520,-15,-141,-141,323,269,377,297,252,128
1043,30,342,302,-66,44,2,-1531,-9,-94,-94,323,269,377,305,334,124
1044,25,293,253,-99,-34,2,-1502,-23,-59,-59,323,269,377,311,371,119
1045,19,237,197,-108,-8,2,-1508,-23,-18,-18,323,269,377,299,274,113
1047,3,74,34,-135,30,2,-1525,-25,100,95,323,291,355,316,370,97
1048,2,45,5,-81,54,2,-1390,-7,145,133,323,304,342,304,338,96
1049,-3,4,0,-65,16,1,-1093,-10,150,150,323,316,330,299,271,91
1050,-8,-41,-1,-35,30,1,-731,-3,132,132,323,328,318,289,300,86
1051,-11,-78,-38,-9,26,0,-417,0,113,113,324,339,309,292,306,83
1052,-11,-93,-53,19,28,0,-135,4,92,92,325,351,299,275,302,83
1054,-11,-106,-66,37,2,0,429,4,40,40,324,347,301,279,339,83
1055,-9,-97,-57,22,-15,0,681,2,7,13,325,343,307,303,326,85
1056,-5,-76,-36,13,-9,0,887,0,-21,-1,327,341,313,288,344,89
1057,-1,-46,-6,16,3,0,1072,0,-45,-10,328,339,317,282,355,93
1058,4,-7,0,10,-6,0,1130,0,-65,-17,330,338,322,276,337,98
1059,9,36,0,10,0,0,1064,0,-79,-23,332,339,325,276,345,103
1060,22,119,79,90,80,2,931,14,-99,-62,323,324,322,301,350,116
1061,22,174,134,10,-80,2,767,-4,-131,-130,323,312,334,312,328,116
1062,27,217,177,-58,-68,2,622,-16,-167,-167,323,299,347,314,336,121
1064,29,275,235,-64,43,2,300,-9,-200,-200,323,272,374,332,314,123
1065,32,299,259,-38,26,1,81,-5,-200,-200,323,269,377,335,325,126
1066,33,316,276,-103,-65,2,-127,-24,-200,-200,323,269,377,333,343,127
1067,33,323,283,-154,-51,2,-298,-30,-200,-200,323,269,377,344,307,127
1068,30,311,271,-200,-46,2,-448,-30,-182,-182,323,269,377,345,307,124
1069,27,289,249,-224,-24,2,-600,-30,-151,-151,323,269,377,342,311,121
1071,24,250,210,-146,97,2,-805,-21,-80,-80,323,269,377,345,344,118
1072,21,229,189,-87,58,2,-885,-13,-45,-45,323,269,377,332,322,115
1073,17,197,157,-164,-77,2,-966,-30,-21,-21,323,280,366,346,304,111
1074,14,166,126,-203,-38,2,-1023,-30,6,6,323,290,356,344,320,108
1075,7,114,74,-258,-55,2,-1031,-30,36,36,323,297,349,340,303,101
1076,0,53,13,-251,7,2,-957,-30,72,72,323,310,336,350,305,94
1078,-3,-13,0,-143,95,2,-543,-12,78,78,323,331,315,324,332,91
1079,-6,-38,0,-86,57,2,-263,-7,58,58,323,336,310,322,354,88
1080,-7,-55,-15,-51,34,1,39,-6,31,31,323,333,313,313,347,87
1081,-8,-69,-29,-111,-59,2,311,-26,-11,-11,323,331,315,302,369,86
1082,-4,-53,-13,41,152,2,562,22,-38,-38,323,329,317,307,375,90
1083,1,-19,0,-23,-65,1,782,-9,-80,-76,323,321,325,302,365,95
1084,10,35,0,-70,-47,1,913,-14,-112,-109,323,312,334,290,392,104
1085,19,118,78,-94,-24,1,881,-15,-136,-136,323,303,343,312,353,113
1087,27,238,198,-65,43,1,520,-6,-169,-169,323,284,362,327,358,121
1088,30,271,231,-39,26,1,312,-4,-173,-173,323,276,370,335,329,124
1089,31,292,252,-75,-36,2,113,-15,-185,-185,323,269,377,349,331,125
1090,31,302,262,-101,-26,2,-107,-21,-189,-189,323,269,377,345,338,125
1091,28,290,250,-129,-28,2,-282,-27,-179,-179,323,269,377,348,337,122
1092,25,268,228,-149,-21,2,-395,-30,-158,-158,323,269,377,353,355,119
1094,22,230,190,-97,65,2,-626,-14,-89,-89,323,269,377,346,320,116
1095,19,209,169,-126,-29,2,-701,-29,-64,-64,323,269,377,349,328,113
1096,15,177,137,-72,54,2,-744,-10,-29,-29,323,279,367,338,320,109
1097,-2,71,31,-203,-131,2,-812,-30,15,15,323,289,357,344,296,92
1098,5,59,19,-170,33,2,-898,-30,57,53,323,296,350,353,309,99
1099,1,33,0,-150,20,2,-911,-17,92,91,323,310,336,342,316,95
1101,-5,-32,0,-78,52,2,-548,-7,93,93,323,336,310,336,322,89
1102,-8,-58,-18,-47,31,1,-280,-6,74,74,323,340,306,315,345,86
1103,-9,-75,-35,-28,19,1,-14,-3,51,51,323,336,310,314,362,85
1104,-22,-153,-113,-141,-113,2,249,-30,32,32,323,333,313,309,346,72
1105,-23,-195,-155,-201,-60,2,491,-30,21,21,323,331,315,301,366,71
1106,-23,-214,-174,-220,-20,2,704,-30,7,7,323,329,317,285,369,71
1108,-22,-219,-179,-130,86,2,973,-18,-30,-30,323,327,319,295,378,72
1109,-19,-203,-163,-78,52,2,988,-11,-48,-48,323,326,320,287,358,75
1110,-15,-174,-134,21,99,2,904,14,-49,-49,323,325,321,311,361,79
1111,9,-55,-15,5,-17,0,792,0,-72,-72,324,320,328,325,367,103
1112,0,-31,0,47,42,2,631,7,-79,-79,323,312,334,323,338,94
1113,3,2,0,80,33,2,432,11,-68,-68,323,308,338,333,345,97
1115,5,40,0,67,-45,2,66,6,-28,-28,323,314,332,342,331,99
1116,8,62,22,40,-27,1,-110,5,-11,-11,323,316,330,349,332,102
1117,9,77,37,64,24,1,-259,12,7,7,323,318,328,363,340,103
1118,-13,-35,0,-73,-138,2,-356,-14,24,24,323,319,327,359,332,81
1119,6,16,0,-28,45,1,-352,-1,37,37,323,320,326,358,334,100
1121,6,49,9,9,-6,0,-120,1,33,33,325,323,327,337,354,100
1122,6,54,14,5,-4,0,58,0,19,19,326,324,328,340,371,100
1123,4,48,8,-45,-50,2,253,-10,-9,-9,323,322,324,342,387,98
1124,5,49,9,29,74,2,431,11,-33,-33,323,322,324,319,379,99
1125,7,60,20,97,68,2,570,24,-55,-55,323,317,329,334,387,101
1126,10,82,42,246,149,2,656,30,-77,-77,323,311,335,333,398,104
1128,11,104,64,130,-86,2,551,18,-103,-103,323,298,348,341,384,105
1129,13,118,78,78,-52,2,388,11,-105,-105,323,293,353,354,364,107
1130,12,119,79,103,25,2,178,23,-83,-83,323,292,354,355,355,106
1131,10,109,69,114,11,2,-18,24,-51,-51,323,299,347,374,358,104
1133,8,86,46,72,-48,2,-419,10,23,23,323,308,338,374,338,102
1134,5,67,27,43,-29,1,-566,5,51,51,323,311,335,381,347,99
1135,-3,14,0,-30,-73,1,-606,-10,64,64,323,320,326,369,330,91
1136,-6,-26,0,22,52,1,-522,7,74,74,323,327,319,350,345,88
1137,-9,-55,-15,89,67,2,-346,20,79,79,323,334,312,348,365,85
1139,-10,-90,-50,85,-57,2,137,12,49,49,323,336,310,304,362,84
1140,-9,-90,-50,51,-34,1,397,6,15,15,323,333,313,300,373,85
1141,-4,-63,-23,227,176,2,613,30,-20,-20,323,331,315,302,348,90
1142,0,-29,0,212,-15,2,816,24,-63,-63,323,323,323,283,362,94
1143,5,14,0,207,-5,2,1005,25,-104,-104,323,313,333,292,373,99
1145,10,82,42,123,-82,2,1052,18,-155,-155,323,289,357,291,357,104
1146,17,129,89,138,15,2,783,30,-151,-151,323,280,366,306,345,111
1147,23,184,144,123,-15,2,357,24,-141,-141,323,274,372,336,290,117
1148,24,214,174,194,71,2,14,30,-121,-121,323,272,374,329,285,118
1150,22,219,179,89,-59,2,-547,13,-62,-62,323,279,367,303,237,116
1151,19,203,163,109,20,2,-753,25,-13,-13,323,289,357,287,235,113
1152,15,174,134,110,0,2,-892,23,35,35,323,296,350,264,198,109
1153,10,134,94,114,4,2,-983,24,75,75,323,310,336,244,180,104
1155,6,76,36,46,-91,2,-725,1,100,100,323,336,310,230,211,100
1156,16,121,81,27,-18,1,-465,3,73,73,323,340,306,214,220,110
1157,-3,53,13,84,57,2,-161,21,58,58,323,342,304,192,236,91
1158,-3,8,0,139,54,2,190,19,27,27,323,338,308,176,246,91
1159,1,9,0,275,137,2,502,30,-10,-10,323,335,311,162,240,95